t # 0
v 0 0 
v 1 1 
v 2 1 
v 3 1 
v 4 1 
v 5 1 
v 6 1 
v 7 1 
v 8 1 
v 9 0 
v 10 0 
e 0 1 1 
e 0 2 0 
e 0 3 1 
e 0 4 0 
e 0 5 0 
e 0 6 0 
e 0 7 0 
e 0 8 0 
e 5 9 0 
e 8 10 0 
t # 1
v 0 0 
v 1 1 
v 2 1 
v 3 1 
v 4 1 
v 5 1 
v 6 1 
v 7 1 
v 8 1 
v 9 0 
v 10 0 
v 11 0 
v 12 0 
v 13 0 
v 14 0 
v 15 0 
v 16 0 
v 17 0 
v 18 0 
v 19 0 
v 20 0 
v 21 0 
v 22 0 
v 23 0 
e 0 1 0 
e 0 2 1 
e 0 3 1 
e 0 4 1 
e 0 5 1 
e 0 6 0 
e 0 7 0 
e 0 8 0 
e 1 9 0 
e 1 10 0 
e 2 11 0 
e 3 12 0 
e 3 13 0 
e 3 14 1 
e 3 15 0 
e 3 16 0 
e 3 17 0 
e 4 18 2 
e 4 19 1 
e 4 20 0 
e 4 15 0 
e 5 12 0 
e 5 21 0 
e 7 13 0 
e 7 22 0 
e 7 16 0 
e 8 23 0 
t # 2
v 0 0 
v 1 1 
v 2 1 
v 3 1 
v 4 1 
v 5 1 
v 6 1 
v 7 1 
v 8 1 
v 9 0 
v 10 0 
v 11 0 
v 12 0 
v 13 0 
v 14 0 
v 15 0 
v 16 0 
v 17 0 
v 18 0 
v 19 0 
e 0 1 0 
e 0 2 0 
e 0 3 0 
e 0 4 1 
e 0 5 0 
e 0 6 0 
e 0 7 0 
e 0 8 0 
e 2 9 0 
e 2 10 0 
e 2 11 0 
e 2 12 0 
e 2 13 0 
e 3 14 0 
e 3 15 0 
e 3 16 1 
e 3 17 0 
e 3 18 0 
e 3 19 0 
e 3 13 0 
t # 3
v 0 0 
v 1 1 
v 2 1 
v 3 1 
v 4 1 
v 5 0 
v 6 0 
e 0 1 0 
e 0 2 0 
e 0 3 0 
e 0 4 1 
e 3 5 1 
e 3 6 0 
t # 4
v 0 0 
v 1 1 
v 2 1 
v 3 1 
v 4 0 
v 5 0 
v 6 0 
v 7 0 
e 0 1 0 
e 0 2 0 
e 0 3 0 
e 1 4 0 
e 2 5 0 
e 2 6 0 
e 2 7 1 
t # 5
v 0 0 
v 1 1 
v 2 1 
v 3 0 
v 4 0 
v 5 0 
v 6 0 
e 0 1 0 
e 0 2 0 
e 1 3 0 
e 1 4 0 
e 1 5 0 
e 1 6 1 
e 2 5 0 
t # 6
v 0 0 
v 1 1 
v 2 1 
v 3 0 
v 4 0 
v 5 0 
v 6 0 
e 0 1 0 
e 0 2 0 
e 1 3 0 
e 1 4 0 
e 1 5 0 
e 2 6 0 
t # 7
v 0 0 
v 1 1 
v 2 1 
v 3 1 
v 4 1 
v 5 1 
v 6 1 
v 7 1 
v 8 1 
v 9 0 
v 10 0 
v 11 0 
v 12 0 
v 13 0 
v 14 0 
e 0 1 0 
e 0 2 0 
e 0 3 0 
e 0 4 0 
e 0 5 0 
e 0 6 0 
e 0 7 0 
e 0 8 0 
e 1 9 0 
e 1 10 0 
e 4 11 1 
e 4 12 0 
e 6 13 0 
e 8 14 0 
t # 8
v 0 0 
v 1 1 
v 2 1 
v 3 1 
v 4 1 
v 5 1 
v 6 1 
v 7 0 
v 8 0 
v 9 0 
v 10 0 
v 11 0 
v 12 0 
v 13 0 
v 14 0 
v 15 0 
v 16 0 
v 17 0 
v 18 0 
v 19 0 
e 0 1 0 
e 0 2 0 
e 0 3 0 
e 0 4 0 
e 0 5 0 
e 0 6 0 
e 1 7 0 
e 1 8 1 
e 1 9 0 
e 1 10 0 
e 3 11 0 
e 3 12 0 
e 4 13 1 
e 4 14 0 
e 4 15 0 
e 4 16 0 
e 5 16 2 
e 5 13 0 
e 5 17 0 
e 5 15 0 
e 6 18 0 
e 6 19 0 
t # 9
v 0 0 
v 1 1 
v 2 1 
v 3 1 
v 4 1 
v 5 1 
v 6 0 
v 7 0 
v 8 0 
v 9 0 
e 0 1 0 
e 0 2 1 
e 0 3 0 
e 0 4 0 
e 0 5 0 
e 1 6 0 
e 1 7 0 
e 3 8 0 
e 4 9 0 
e 4 8 0 
t # 10
v 0 0 
v 1 1 
v 2 1 
v 3 1 
v 4 1 
v 5 1 
v 6 1 
v 7 1 
v 8 0 
v 9 0 
v 10 0 
v 11 0 
v 12 0 
v 13 0 
v 14 0 
v 15 0 
e 0 1 0 
e 0 2 0 
e 0 3 0 
e 0 4 0 
e 0 5 0 
e 0 6 0 
e 0 7 0 
e 1 8 0 
e 4 9 0 
e 4 10 0 
e 4 11 1 
e 4 12 0 
e 4 8 1 
e 4 13 0 
e 4 14 0 
e 4 15 0 
e 5 11 0 
t # 11
v 0 0 
v 1 1 
v 2 1 
v 3 1 
v 4 1 
v 5 1 
v 6 1 
v 7 1 
v 8 1 
v 9 0 
v 10 0 
v 11 0 
v 12 0 
v 13 0 
v 14 0 
v 15 0 
v 16 0 
v 17 0 
v 18 0 
v 19 0 
v 20 0 
v 21 0 
e 0 1 0 
e 0 2 0 
e 0 3 0 
e 0 4 0 
e 0 5 1 
e 0 6 0 
e 0 7 0 
e 0 8 0 
e 1 9 0 
e 1 10 0 
e 2 11 1 
e 2 12 0 
e 2 13 0 
e 2 14 0 
e 2 15 0 
e 2 16 0 
e 3 17 0 
e 3 18 0 
e 3 19 0 
e 3 20 0 
e 4 12 1 
e 8 21 0 
t # 12
v 0 0 
v 1 1 
v 2 1 
v 3 1 
v 4 1 
v 5 1 
v 6 1 
v 7 1 
v 8 0 
v 9 0 
v 10 0 
v 11 0 
v 12 0 
v 13 0 
v 14 0 
v 15 0 
e 0 1 0 
e 0 2 0 
e 0 3 0 
e 0 4 0 
e 0 5 0 
e 0 6 0 
e 0 7 0 
e 2 8 0 
e 4 9 1 
e 4 10 0 
e 4 11 0 
e 4 12 0 
e 4 13 0 
e 4 14 0 
e 5 11 0 
e 7 15 0 
t # 13
v 0 0 
v 1 1 
v 2 1 
v 3 1 
v 4 1 
v 5 1 
v 6 1 
v 7 0 
v 8 0 
v 9 0 
v 10 0 
v 11 0 
v 12 0 
e 0 1 0 
e 0 2 0 
e 0 3 0 
e 0 4 0 
e 0 5 0 
e 0 6 0 
e 3 7 1 
e 3 8 0 
e 3 9 0 
e 3 10 0 
e 3 11 0 
e 3 12 0 
t # 14
v 0 0 
v 1 1 
v 2 1 
v 3 1 
v 4 1 
v 5 1 
v 6 1 
v 7 0 
v 8 0 
v 9 0 
v 10 0 
e 0 1 0 
e 0 2 0 
e 0 3 0 
e 0 4 0 
e 0 5 0 
e 0 6 0 
e 1 7 0 
e 1 8 0 
e 1 9 0 
e 1 10 0 
t # 15
v 0 0 
v 1 1 
v 2 1 
v 3 1 
v 4 1 
v 5 1 
v 6 1 
v 7 1 
v 8 1 
v 9 0 
v 10 0 
v 11 0 
v 12 0 
v 13 0 
v 14 0 
v 15 0 
v 16 0 
v 17 0 
e 0 1 1 
e 0 2 0 
e 0 3 0 
e 0 4 0 
e 0 5 0 
e 0 6 0 
e 0 7 0 
e 0 8 0 
e 1 9 0 
e 1 10 0 
e 1 11 0 
e 1 12 0 
e 4 13 1 
e 4 14 0 
e 4 15 0 
e 4 16 0 
e 5 17 0 
e 7 17 0 
e 8 17 1 
t # 16
v 0 0 
v 1 1 
v 2 1 
v 3 1 
v 4 1 
v 5 1 
v 6 1 
v 7 1 
v 8 1 
v 9 0 
v 10 0 
e 0 1 1 
e 0 2 0 
e 0 3 0 
e 0 4 0 
e 0 5 0 
e 0 6 0 
e 0 7 0 
e 0 8 0 
e 3 9 1 
e 5 10 0 
t # 17
v 0 0 
v 1 1 
v 2 1 
v 3 1 
v 4 1 
v 5 1 
v 6 0 
v 7 0 
e 0 1 0 
e 0 2 0 
e 0 3 0 
e 0 4 0 
e 0 5 0 
e 1 6 0 
e 3 7 0 
t # 18
v 0 0 
v 1 1 
v 2 1 
v 3 1 
v 4 1 
v 5 1 
v 6 1 
v 7 1 
v 8 1 
v 9 0 
v 10 0 
v 11 0 
v 12 0 
e 0 1 0 
e 0 2 0 
e 0 3 0 
e 0 4 1 
e 0 5 1 
e 0 6 0 
e 0 7 1 
e 0 8 0 
e 2 9 0 
e 7 10 0 
e 8 11 1 
e 8 12 0 
t # 19
v 0 0 
v 1 1 
v 2 1 
v 3 1 
v 4 1 
v 5 1 
v 6 0 
v 7 0 
v 8 0 
e 0 1 0 
e 0 2 0 
e 0 3 0 
e 0 4 0 
e 0 5 0 
e 3 6 0 
e 5 7 0 
e 5 8 0 
t # 20
v 0 0 
v 1 1 
v 2 1 
v 3 0 
v 4 0 
v 5 0 
e 0 1 0 
e 0 2 0 
e 1 3 1 
e 1 4 1 
e 1 5 0 
e 2 3 2 
e 2 4 0 
t # 21
v 0 0 
v 1 1 
v 2 1 
v 3 1 
v 4 1 
v 5 1 
v 6 1 
v 7 1 
v 8 1 
v 9 0 
v 10 0 
v 11 0 
v 12 0 
v 13 0 
v 14 0 
v 15 0 
v 16 0 
e 0 1 1 
e 0 2 0 
e 0 3 0 
e 0 4 0 
e 0 5 0 
e 0 6 0 
e 0 7 0 
e 0 8 0 
e 5 9 0 
e 5 10 0 
e 6 11 1 
e 6 12 0 
e 6 13 1 
e 6 14 0 
e 6 15 0 
e 8 16 0 
t # 22
v 0 0 
v 1 1 
v 2 1 
v 3 1 
v 4 1 
v 5 1 
v 6 1 
v 7 1 
v 8 1 
v 9 0 
v 10 0 
e 0 1 1 
e 0 2 0 
e 0 3 1 
e 0 4 1 
e 0 5 1 
e 0 6 0 
e 0 7 0 
e 0 8 0 
e 5 9 0 
e 5 10 0 
t # 23
v 0 0 
v 1 1 
v 2 1 
v 3 1 
v 4 1 
v 5 1 
v 6 0 
v 7 0 
v 8 0 
e 0 1 0 
e 0 2 0 
e 0 3 0 
e 0 4 0 
e 0 5 0 
e 2 6 0 
e 4 7 0 
e 5 8 0 
t # 24
v 0 0 
v 1 1 
v 2 0 
v 3 0 
v 4 0 
v 5 0 
e 0 1 0 
e 1 2 0 
e 1 3 1 
e 1 4 0 
e 1 5 0 
t # 25
v 0 0 
v 1 1 
v 2 1 
v 3 0 
v 4 0 
v 5 0 
v 6 0 
v 7 0 
v 8 0 
v 9 0 
v 10 0 
e 0 1 0 
e 0 2 1 
e 1 3 0 
e 1 4 0 
e 1 5 1 
e 1 6 0 
e 1 7 0 
e 1 8 0 
e 1 9 0 
e 2 10 0 
t # 26
v 0 0 
v 1 1 
v 2 1 
v 3 1 
v 4 1 
v 5 0 
v 6 0 
v 7 0 
v 8 0 
v 9 0 
e 0 1 0 
e 0 2 0 
e 0 3 0 
e 0 4 0 
e 1 5 1 
e 3 6 0 
e 3 7 0 
e 4 8 0 
e 4 9 0 
t # 27
v 0 0 
v 1 1 
v 2 1 
v 3 1 
v 4 1 
v 5 1 
v 6 1 
v 7 1 
v 8 1 
v 9 0 
v 10 0 
v 11 0 
v 12 0 
v 13 0 
v 14 0 
v 15 0 
e 0 1 1 
e 0 2 0 
e 0 3 1 
e 0 4 0 
e 0 5 1 
e 0 6 0 
e 0 7 0 
e 0 8 0 
e 1 9 2 
e 1 10 1 
e 1 11 1 
e 1 12 0 
e 2 9 2 
e 2 10 0 
e 2 11 0 
e 5 13 0 
e 5 9 2 
e 6 14 0 
e 7 15 0 
e 7 11 1 
e 8 9 0 
t # 28
v 0 0 
v 1 1 
v 2 1 
v 3 1 
v 4 1 
v 5 1 
v 6 1 
v 7 1 
v 8 1 
v 9 0 
v 10 0 
v 11 0 
e 0 1 0 
e 0 2 0 
e 0 3 0 
e 0 4 0 
e 0 5 0 
e 0 6 0 
e 0 7 0 
e 0 8 0 
e 1 9 0 
e 2 9 1 
e 3 10 0 
e 3 9 0 
e 4 9 0 
e 5 11 0 
t # 29
v 0 0 
v 1 1 
v 2 1 
v 3 1 
v 4 1 
v 5 1 
v 6 1 
v 7 0 
v 8 0 
v 9 0 
v 10 0 
v 11 0 
e 0 1 0 
e 0 2 0 
e 0 3 0 
e 0 4 0 
e 0 5 0 
e 0 6 0 
e 1 7 1 
e 3 8 0 
e 4 7 1 
e 4 9 0 
e 4 10 0 
e 4 11 0 
t # 30
v 0 0 
v 1 1 
v 2 0 
v 3 0 
v 4 0 
v 5 0 
v 6 0 
e 0 1 0 
e 1 2 1 
e 1 3 1 
e 1 4 0 
e 1 5 0 
e 1 6 1 
t # 31
v 0 0 
v 1 1 
v 2 1 
v 3 0 
v 4 0 
v 5 0 
v 6 0 
v 7 0 
e 0 1 1 
e 0 2 0 
e 1 3 0 
e 2 3 1 
e 2 4 1 
e 2 5 0 
e 2 6 0 
e 2 7 1 
t # 32
v 0 0 
v 1 1 
v 2 1 
v 3 1 
v 4 1 
v 5 1 
v 6 1 
v 7 1 
v 8 0 
v 9 0 
v 10 0 
e 0 1 0 
e 0 2 0 
e 0 3 0 
e 0 4 0 
e 0 5 0 
e 0 6 0 
e 0 7 0 
e 5 8 0 
e 5 9 0 
e 6 10 0 
t # 33
v 0 0 
v 1 1 
v 2 1 
v 3 1 
v 4 1 
v 5 1 
v 6 1 
v 7 1 
v 8 1 
v 9 0 
v 10 0 
v 11 0 
v 12 0 
v 13 0 
v 14 0 
v 15 0 
v 16 0 
v 17 0 
v 18 0 
v 19 0 
v 20 0 
v 21 0 
e 0 1 0 
e 0 2 1 
e 0 3 0 
e 0 4 0 
e 0 5 0 
e 0 6 0 
e 0 7 0 
e 0 8 1 
e 1 9 0 
e 1 10 0 
e 1 11 0 
e 1 12 0 
e 2 13 0 
e 4 13 1 
e 4 14 0 
e 4 15 0 
e 4 16 0 
e 4 17 0 
e 4 11 0 
e 4 18 0 
e 7 19 0 
e 7 20 0 
e 7 21 0 
t # 34
v 0 0 
v 1 1 
v 2 1 
v 3 1 
v 4 1 
v 5 1 
v 6 1 
v 7 1 
v 8 1 
v 9 0 
v 10 0 
v 11 0 
v 12 0 
v 13 0 
v 14 0 
e 0 1 0 
e 0 2 0 
e 0 3 0 
e 0 4 0 
e 0 5 0 
e 0 6 0 
e 0 7 0 
e 0 8 0 
e 1 9 0 
e 1 10 1 
e 2 11 0 
e 2 12 1 
e 2 13 1 
e 4 10 0 
e 6 9 0 
e 7 14 0 
t # 35
v 0 0 
v 1 1 
v 2 1 
v 3 1 
v 4 1 
v 5 1 
v 6 1 
v 7 1 
v 8 1 
v 9 0 
e 0 1 0 
e 0 2 0 
e 0 3 1 
e 0 4 0 
e 0 5 1 
e 0 6 1 
e 0 7 0 
e 0 8 1 
e 5 9 0 
t # 36
v 0 0 
v 1 1 
v 2 1 
v 3 1 
v 4 1 
v 5 1 
v 6 1 
v 7 1 
v 8 1 
v 9 0 
v 10 0 
v 11 0 
v 12 0 
e 0 1 0 
e 0 2 0 
e 0 3 0 
e 0 4 1 
e 0 5 0 
e 0 6 0 
e 0 7 0 
e 0 8 0 
e 3 9 1 
e 4 10 0 
e 5 11 1 
e 5 12 0 
t # 37
v 0 0 
v 1 1 
v 2 1 
v 3 1 
v 4 1 
v 5 0 
v 6 0 
v 7 0 
e 0 1 0 
e 0 2 0 
e 0 3 0 
e 0 4 0 
e 1 5 0 
e 2 6 0 
e 2 5 1 
e 4 7 0 
t # 38
v 0 0 
v 1 1 
v 2 1 
v 3 1 
v 4 1 
v 5 1 
v 6 0 
v 7 0 
e 0 1 0 
e 0 2 0 
e 0 3 0 
e 0 4 0 
e 0 5 0 
e 4 6 0 
e 4 7 0 
t # 39
v 0 0 
v 1 1 
v 2 1 
v 3 1 
v 4 1 
v 5 1 
v 6 1 
v 7 1 
v 8 1 
v 9 0 
v 10 0 
v 11 0 
v 12 0 
v 13 0 
e 0 1 1 
e 0 2 0 
e 0 3 0 
e 0 4 0 
e 0 5 0 
e 0 6 0 
e 0 7 0 
e 0 8 0 
e 4 9 1 
e 4 10 0 
e 5 11 0 
e 6 12 0 
e 7 13 0 
e 8 13 0 
t # 40
v 0 0 
v 1 1 
v 2 1 
v 3 1 
v 4 1 
v 5 1 
v 6 1 
v 7 1 
v 8 1 
v 9 0 
v 10 0 
v 11 0 
v 12 0 
v 13 0 
e 0 1 0 
e 0 2 0 
e 0 3 0 
e 0 4 0 
e 0 5 0 
e 0 6 1 
e 0 7 0 
e 0 8 0 
e 3 9 0 
e 3 10 0 
e 3 11 0 
e 5 12 0 
e 5 11 0 
e 8 13 0 
t # 41
v 0 0 
v 1 1 
v 2 1 
v 3 1 
v 4 1 
v 5 1 
v 6 1 
v 7 1 
v 8 1 
v 9 0 
v 10 0 
v 11 0 
v 12 0 
v 13 0 
v 14 0 
v 15 0 
v 16 0 
v 17 0 
v 18 0 
v 19 0 
v 20 0 
v 21 0 
v 22 0 
v 23 0 
v 24 0 
v 25 0 
v 26 0 
e 0 1 0 
e 0 2 0 
e 0 3 0 
e 0 4 0 
e 0 5 1 
e 0 6 0 
e 0 7 1 
e 0 8 0 
e 1 9 2 
e 1 10 1 
e 2 11 0 
e 2 12 0 
e 3 13 0 
e 3 10 1 
e 3 14 0 
e 3 15 0 
e 3 16 0 
e 3 17 0 
e 4 10 0 
e 4 18 0 
e 5 13 0 
e 5 19 0 
e 5 10 1 
e 5 18 1 
e 5 20 1 
e 5 9 1 
e 5 21 0 
e 6 22 0 
e 6 18 0 
e 6 23 0 
e 6 16 0 
e 7 24 0 
e 7 25 1 
e 7 10 0 
e 7 26 0 
e 7 18 0 
e 8 21 0 
t # 42
v 0 0 
v 1 1 
v 2 1 
v 3 1 
v 4 1 
v 5 1 
v 6 1 
v 7 1 
v 8 0 
v 9 0 
v 10 0 
v 11 0 
v 12 0 
v 13 0 
v 14 0 
v 15 0 
e 0 1 0 
e 0 2 1 
e 0 3 0 
e 0 4 0 
e 0 5 0 
e 0 6 0 
e 0 7 0 
e 1 8 0 
e 1 9 1 
e 1 10 0 
e 2 11 0 
e 2 12 0 
e 4 13 0 
e 5 14 0 
e 5 13 1 
e 5 15 1 
t # 43
v 0 0 
v 1 1 
v 2 1 
v 3 1 
v 4 0 
v 5 0 
v 6 0 
v 7 0 
v 8 0 
e 0 1 0 
e 0 2 0 
e 0 3 1 
e 1 4 0 
e 1 5 1 
e 1 6 0 
e 1 7 0 
e 2 8 0 
t # 44
v 0 0 
v 1 1 
v 2 1 
v 3 1 
v 4 1 
v 5 1 
v 6 1 
v 7 1 
v 8 1 
v 9 0 
v 10 0 
v 11 0 
v 12 0 
v 13 0 
v 14 0 
v 15 0 
v 16 0 
v 17 0 
v 18 0 
v 19 0 
v 20 0 
v 21 0 
v 22 0 
v 23 0 
v 24 0 
e 0 1 0 
e 0 2 0 
e 0 3 0 
e 0 4 0 
e 0 5 0 
e 0 6 0 
e 0 7 0 
e 0 8 0 
e 1 9 0 
e 2 10 0 
e 2 11 0 
e 3 12 1 
e 3 13 0 
e 3 14 0 
e 3 15 0 
e 3 16 0 
e 3 17 0 
e 4 18 2 
e 4 19 1 
e 4 20 1 
e 4 9 0 
e 4 21 1 
e 5 18 0 
e 5 21 0 
e 6 22 0 
e 7 23 0 
e 7 9 0 
e 7 12 0 
e 7 18 1 
e 7 24 0 
e 8 12 0 
e 8 18 0 
t # 45
v 0 0 
v 1 1 
v 2 1 
v 3 1 
v 4 1 
v 5 1 
v 6 1 
v 7 1 
v 8 1 
v 9 0 
v 10 0 
v 11 0 
v 12 0 
v 13 0 
v 14 0 
v 15 0 
v 16 0 
v 17 0 
v 18 0 
v 19 0 
v 20 0 
e 0 1 0 
e 0 2 0 
e 0 3 0 
e 0 4 0 
e 0 5 0 
e 0 6 0 
e 0 7 0 
e 0 8 1 
e 1 9 0 
e 1 10 0 
e 2 11 0 
e 2 12 0 
e 3 13 0 
e 4 14 0 
e 6 14 1 
e 6 15 0 
e 7 16 1 
e 7 11 0 
e 7 17 0 
e 7 18 0 
e 7 19 0 
e 7 20 1 
e 7 14 1 
t # 46
v 0 0 
v 1 1 
v 2 0 
v 3 0 
v 4 0 
v 5 0 
v 6 0 
e 0 1 0 
e 1 2 0 
e 1 3 0 
e 1 4 0 
e 1 5 1 
e 1 6 0 
t # 47
v 0 0 
v 1 1 
v 2 1 
v 3 1 
v 4 1 
v 5 0 
e 0 1 0 
e 0 2 0 
e 0 3 0 
e 0 4 0 
e 1 5 1 
t # 48
v 0 0 
v 1 1 
v 2 1 
v 3 1 
v 4 1 
v 5 1 
v 6 0 
v 7 0 
v 8 0 
v 9 0 
e 0 1 0 
e 0 2 0 
e 0 3 0 
e 0 4 0 
e 0 5 0 
e 3 6 1 
e 3 7 0 
e 3 8 0 
e 5 9 0 
t # 49
v 0 0 
v 1 1 
v 2 1 
v 3 1 
v 4 1 
v 5 1 
v 6 0 
v 7 0 
v 8 0 
v 9 0 
v 10 0 
v 11 0 
e 0 1 0 
e 0 2 0 
e 0 3 0 
e 0 4 0 
e 0 5 0 
e 1 6 0 
e 2 7 0 
e 3 8 0 
e 4 9 1 
e 4 10 0 
e 4 11 0 
t # 50
v 0 0 
v 1 1 
v 2 1 
v 3 1 
v 4 0 
v 5 0 
v 6 0 
v 7 0 
e 0 1 0 
e 0 2 0 
e 0 3 0 
e 1 4 1 
e 1 5 0 
e 1 6 0 
e 1 7 0 
t # 51
v 0 0 
v 1 1 
v 2 1 
v 3 1 
v 4 1 
v 5 0 
v 6 0 
v 7 0 
v 8 0 
v 9 0 
v 10 0 
v 11 0 
v 12 0 
v 13 0 
v 14 0 
e 0 1 0 
e 0 2 0 
e 0 3 0 
e 0 4 0 
e 1 5 0 
e 1 6 0 
e 2 6 0 
e 3 7 0 
e 3 8 1 
e 3 9 0 
e 3 10 0 
e 3 11 0 
e 4 12 0 
e 4 13 0 
e 4 14 0 
t # 52
v 0 0 
v 1 1 
v 2 1 
v 3 1 
v 4 1 
v 5 1 
v 6 1 
v 7 1 
v 8 1 
v 9 0 
v 10 0 
v 11 0 
v 12 0 
v 13 0 
v 14 0 
v 15 0 
v 16 0 
e 0 1 0 
e 0 2 0 
e 0 3 0 
e 0 4 0 
e 0 5 0 
e 0 6 1 
e 0 7 1 
e 0 8 0 
e 1 9 0 
e 2 10 0 
e 3 11 0 
e 3 12 1 
e 3 13 0 
e 3 9 0 
e 3 14 0 
e 7 15 1 
e 7 16 0 
t # 53
v 0 0 
v 1 1 
v 2 1 
v 3 1 
v 4 1 
v 5 1 
v 6 1 
v 7 1 
v 8 1 
v 9 0 
v 10 0 
v 11 0 
e 0 1 0 
e 0 2 0 
e 0 3 0 
e 0 4 0 
e 0 5 0 
e 0 6 0 
e 0 7 1 
e 0 8 0 
e 2 9 0 
e 7 10 0 
e 7 11 0 
t # 54
v 0 0 
v 1 1 
v 2 1 
v 3 0 
v 4 0 
v 5 0 
v 6 0 
e 0 1 1 
e 0 2 0 
e 1 3 0 
e 1 4 0 
e 2 5 0 
e 2 6 1 
t # 55
v 0 0 
v 1 1 
v 2 1 
v 3 1 
v 4 1 
v 5 1 
v 6 1 
v 7 1 
v 8 1 
v 9 0 
v 10 0 
v 11 0 
v 12 0 
v 13 0 
v 14 0 
v 15 0 
v 16 0 
e 0 1 0 
e 0 2 1 
e 0 3 0 
e 0 4 0 
e 0 5 0 
e 0 6 0 
e 0 7 0 
e 0 8 0 
e 1 9 0 
e 1 10 1 
e 2 11 0 
e 3 12 1 
e 4 13 1 
e 5 12 0 
e 5 14 0 
e 5 13 0 
e 7 15 0 
e 7 16 0 
t # 56
v 0 0 
v 1 1 
v 2 1 
v 3 1 
v 4 1 
v 5 1 
v 6 1 
v 7 1 
v 8 1 
v 9 0 
v 10 0 
v 11 0 
v 12 0 
v 13 0 
v 14 0 
v 15 0 
v 16 0 
v 17 0 
v 18 0 
v 19 0 
e 0 1 0 
e 0 2 0 
e 0 3 0 
e 0 4 1 
e 0 5 0 
e 0 6 0 
e 0 7 1 
e 0 8 0 
e 1 9 0 
e 3 10 0 
e 4 11 0 
e 4 12 0 
e 4 13 0 
e 4 14 0 
e 4 15 0 
e 6 16 0 
e 6 9 0 
e 7 16 1 
e 7 17 0 
e 7 18 2 
e 7 19 1 
t # 57
v 0 0 
v 1 1 
v 2 1 
v 3 1 
v 4 1 
v 5 1 
v 6 1 
v 7 1 
v 8 1 
v 9 0 
v 10 0 
v 11 0 
e 0 1 0 
e 0 2 0 
e 0 3 0 
e 0 4 0 
e 0 5 0 
e 0 6 0 
e 0 7 0 
e 0 8 0 
e 1 9 1 
e 2 10 0 
e 7 9 1 
e 7 11 0 
t # 58
v 0 0 
v 1 1 
v 2 1 
v 3 1 
v 4 1 
v 5 1 
v 6 1 
v 7 1 
v 8 1 
v 9 0 
v 10 0 
v 11 0 
v 12 0 
v 13 0 
v 14 0 
v 15 0 
v 16 0 
e 0 1 0 
e 0 2 0 
e 0 3 0 
e 0 4 0 
e 0 5 1 
e 0 6 0 
e 0 7 0 
e 0 8 0 
e 1 9 0 
e 5 10 0 
e 5 11 0 
e 5 12 0 
e 6 13 0 
e 7 14 1 
e 7 13 1 
e 7 15 1 
e 7 16 0 
e 8 13 1 
e 8 14 0 
t # 59
v 0 0 
v 1 1 
v 2 1 
v 3 1 
v 4 1 
v 5 1 
v 6 1 
v 7 1 
v 8 1 
v 9 0 
e 0 1 0 
e 0 2 0 
e 0 3 0 
e 0 4 0 
e 0 5 0 
e 0 6 0 
e 0 7 0 
e 0 8 0 
e 7 9 0 
t # 60
v 0 0 
v 1 1 
v 2 1 
v 3 1 
v 4 1 
v 5 1 
v 6 1 
v 7 1 
v 8 1 
v 9 0 
v 10 0 
v 11 0 
v 12 0 
v 13 0 
v 14 0 
v 15 0 
v 16 0 
v 17 0 
v 18 0 
v 19 0 
v 20 0 
v 21 0 
v 22 0 
v 23 0 
e 0 1 0 
e 0 2 1 
e 0 3 0 
e 0 4 0 
e 0 5 0 
e 0 6 0 
e 0 7 0 
e 0 8 0 
e 2 9 0 
e 4 10 0 
e 4 11 0 
e 4 12 0 
e 4 13 1 
e 5 13 0 
e 5 14 0 
e 5 15 0 
e 5 16 0 
e 5 9 0 
e 6 17 0 
e 6 18 0 
e 6 19 0 
e 6 20 1 
e 6 21 1 
e 7 22 1 
e 7 23 0 
e 7 9 0 
t # 61
v 0 0 
v 1 1 
v 2 1 
v 3 1 
v 4 1 
v 5 1 
v 6 1 
v 7 1 
v 8 0 
v 9 0 
v 10 0 
v 11 0 
v 12 0 
v 13 0 
v 14 0 
v 15 0 
v 16 0 
v 17 0 
v 18 0 
v 19 0 
v 20 0 
e 0 1 0 
e 0 2 0 
e 0 3 0 
e 0 4 0 
e 0 5 0 
e 0 6 0 
e 0 7 0 
e 1 8 0 
e 1 9 1 
e 1 10 0 
e 2 11 0 
e 2 12 1 
e 3 13 0 
e 3 14 0 
e 3 15 0 
e 3 16 0 
e 3 17 0 
e 4 18 0 
e 4 12 1 
e 6 9 1 
e 6 19 0 
e 6 20 0 
e 6 14 0 
t # 62
v 0 0 
v 1 1 
v 2 1 
v 3 1 
v 4 0 
v 5 0 
v 6 0 
v 7 0 
v 8 0 
v 9 0 
v 10 0 
e 0 1 0 
e 0 2 0 
e 0 3 0 
e 1 4 0 
e 1 5 0 
e 1 6 0 
e 1 7 0 
e 2 8 0 
e 3 9 0 
e 3 10 0 
t # 63
v 0 0 
v 1 1 
v 2 1 
v 3 1 
v 4 1 
v 5 1 
v 6 1 
v 7 1 
v 8 1 
v 9 0 
v 10 0 
v 11 0 
v 12 0 
v 13 0 
v 14 0 
v 15 0 
v 16 0 
v 17 0 
v 18 0 
e 0 1 0 
e 0 2 0 
e 0 3 0 
e 0 4 0 
e 0 5 0 
e 0 6 0 
e 0 7 0 
e 0 8 0 
e 2 9 0 
e 2 10 0 
e 3 11 0 
e 3 10 0 
e 3 12 0 
e 3 13 0 
e 5 14 1 
e 5 12 0 
e 6 15 0 
e 6 16 0 
e 6 17 0 
e 7 12 0 
e 7 18 1 
t # 64
v 0 0 
v 1 1 
v 2 1 
v 3 1 
v 4 1 
v 5 0 
e 0 1 0 
e 0 2 0 
e 0 3 0 
e 0 4 0 
e 4 5 0 
t # 65
v 0 0 
v 1 1 
v 2 1 
v 3 1 
v 4 1 
v 5 1 
v 6 1 
v 7 0 
v 8 0 
v 9 0 
v 10 0 
v 11 0 
v 12 0 
v 13 0 
v 14 0 
v 15 0 
e 0 1 1 
e 0 2 0 
e 0 3 0 
e 0 4 0 
e 0 5 0 
e 0 6 0 
e 1 7 0 
e 2 8 1 
e 2 9 0 
e 3 10 1 
e 3 11 1 
e 4 12 0 
e 5 13 0 
e 5 14 0 
e 5 15 0 
e 5 9 0 
t # 66
v 0 0 
v 1 1 
v 2 1 
v 3 1 
v 4 1 
v 5 1 
v 6 1 
v 7 1 
v 8 1 
v 9 0 
v 10 0 
v 11 0 
e 0 1 0 
e 0 2 0 
e 0 3 0 
e 0 4 0 
e 0 5 0 
e 0 6 0 
e 0 7 0 
e 0 8 0 
e 3 9 1 
e 3 10 0 
e 5 11 0 
e 6 9 0 
t # 67
v 0 0 
v 1 1 
v 2 1 
v 3 1 
v 4 1 
v 5 1 
v 6 1 
v 7 1 
v 8 1 
v 9 0 
v 10 0 
v 11 0 
v 12 0 
v 13 0 
e 0 1 0 
e 0 2 0 
e 0 3 0 
e 0 4 0 
e 0 5 0 
e 0 6 0 
e 0 7 0 
e 0 8 0 
e 1 9 1 
e 2 9 1 
e 3 9 1 
e 3 10 0 
e 5 9 1 
e 5 11 0 
e 6 9 1 
e 7 12 1 
e 7 9 1 
e 8 13 0 
t # 68
v 0 0 
v 1 1 
v 2 1 
v 3 1 
v 4 1 
v 5 1 
v 6 1 
v 7 1 
v 8 1 
v 9 0 
v 10 0 
v 11 0 
v 12 0 
v 13 0 
v 14 0 
v 15 0 
v 16 0 
e 0 1 0 
e 0 2 0 
e 0 3 0 
e 0 4 0 
e 0 5 0 
e 0 6 0 
e 0 7 0 
e 0 8 0 
e 1 9 1 
e 1 10 1 
e 2 11 0 
e 2 9 0 
e 3 12 0 
e 3 13 0 
e 3 11 0 
e 3 9 0 
e 3 14 1 
e 3 15 0 
e 3 16 1 
e 6 9 0 
e 6 14 0 
e 6 10 0 
t # 69
v 0 0 
v 1 1 
v 2 1 
v 3 1 
v 4 1 
v 5 1 
v 6 1 
v 7 1 
v 8 1 
v 9 0 
e 0 1 0 
e 0 2 0 
e 0 3 0 
e 0 4 0 
e 0 5 0 
e 0 6 0 
e 0 7 0 
e 0 8 0 
e 5 9 0 
e 6 9 0 
e 7 9 0 
t # 70
v 0 0 
v 1 1 
v 2 1 
v 3 1 
v 4 0 
v 5 0 
e 0 1 0 
e 0 2 0 
e 0 3 0 
e 1 4 1 
e 1 5 0 
t # 71
v 0 0 
v 1 1 
v 2 1 
v 3 1 
v 4 1 
v 5 0 
e 0 1 0 
e 0 2 0 
e 0 3 0 
e 0 4 0 
e 1 5 0 
t # 72
v 0 0 
v 1 1 
v 2 1 
v 3 1 
v 4 1 
v 5 1 
v 6 1 
v 7 1 
v 8 1 
v 9 0 
v 10 0 
v 11 0 
v 12 0 
v 13 0 
v 14 0 
e 0 1 0 
e 0 2 0 
e 0 3 0 
e 0 4 0 
e 0 5 0 
e 0 6 0 
e 0 7 0 
e 0 8 0 
e 2 9 1 
e 3 10 0 
e 5 11 0 
e 5 10 0 
e 7 12 0 
e 8 13 1 
e 8 14 0 
e 8 10 1 
e 8 9 0 
t # 73
v 0 0 
v 1 1 
v 2 1 
v 3 1 
v 4 1 
v 5 1 
v 6 1 
v 7 1 
v 8 0 
v 9 0 
v 10 0 
v 11 0 
v 12 0 
v 13 0 
v 14 0 
e 0 1 0 
e 0 2 1 
e 0 3 1 
e 0 4 0 
e 0 5 0 
e 0 6 0 
e 0 7 0 
e 2 8 0 
e 3 9 0 
e 4 10 1 
e 4 8 0 
e 4 11 0 
e 4 12 1 
e 5 9 0 
e 5 10 1 
e 5 12 0 
e 6 13 0 
e 6 12 1 
e 6 10 0 
e 7 14 2 
t # 74
v 0 0 
v 1 1 
v 2 1 
v 3 1 
v 4 1 
v 5 1 
v 6 1 
v 7 1 
v 8 1 
v 9 0 
v 10 0 
v 11 0 
v 12 0 
v 13 0 
v 14 0 
v 15 0 
v 16 0 
v 17 0 
v 18 0 
v 19 0 
v 20 0 
v 21 0 
e 0 1 0 
e 0 2 0 
e 0 3 0 
e 0 4 0 
e 0 5 0 
e 0 6 0 
e 0 7 1 
e 0 8 0 
e 1 9 0 
e 1 10 1 
e 1 11 0 
e 1 12 1 
e 1 13 0 
e 1 14 0 
e 1 15 0 
e 3 10 0 
e 3 16 0 
e 5 17 0 
e 5 18 0 
e 5 19 0 
e 7 20 0 
e 8 12 1 
e 8 21 0 
t # 75
v 0 0 
v 1 1 
v 2 0 
v 3 0 
v 4 0 
v 5 0 
v 6 0 
e 0 1 0 
e 1 2 1 
e 1 3 0 
e 1 4 0 
e 1 5 0 
e 1 6 1 
t # 76
v 0 0 
v 1 1 
v 2 1 
v 3 1 
v 4 0 
v 5 0 
v 6 0 
v 7 0 
v 8 0 
e 0 1 0 
e 0 2 0 
e 0 3 0 
e 1 4 1 
e 1 5 1 
e 2 6 1 
e 2 7 0 
e 2 5 1 
e 3 8 1 
e 3 4 1 
e 3 5 0 
e 3 6 0 
t # 77
v 0 0 
v 1 1 
v 2 1 
v 3 1 
v 4 1 
v 5 1 
v 6 1 
v 7 1 
v 8 1 
v 9 0 
v 10 0 
v 11 0 
v 12 0 
v 13 0 
v 14 0 
v 15 0 
v 16 0 
v 17 0 
v 18 0 
v 19 0 
v 20 0 
v 21 0 
v 22 0 
v 23 0 
e 0 1 0 
e 0 2 0 
e 0 3 0 
e 0 4 0 
e 0 5 0 
e 0 6 0 
e 0 7 0 
e 0 8 0 
e 2 9 0 
e 2 10 0 
e 3 11 0 
e 3 9 0 
e 4 12 0 
e 4 13 1 
e 4 14 0 
e 4 15 0 
e 4 16 0 
e 4 17 0 
e 5 18 0 
e 5 19 0 
e 5 20 0 
e 5 21 0 
e 5 10 0 
e 6 22 0 
e 7 23 1 
e 7 9 0 
t # 78
v 0 0 
v 1 1 
v 2 1 
v 3 1 
v 4 1 
v 5 0 
v 6 0 
v 7 0 
v 8 0 
v 9 0 
v 10 0 
v 11 0 
e 0 1 0 
e 0 2 0 
e 0 3 1 
e 0 4 0 
e 1 5 0 
e 3 6 0 
e 3 7 1 
e 3 8 0 
e 3 5 1 
e 3 9 1 
e 3 10 1 
e 3 11 1 
e 4 10 0 
t # 79
v 0 0 
v 1 1 
v 2 1 
v 3 1 
v 4 1 
v 5 0 
v 6 0 
v 7 0 
v 8 0 
v 9 0 
v 10 0 
v 11 0 
e 0 1 0 
e 0 2 0 
e 0 3 0 
e 0 4 1 
e 1 5 0 
e 2 6 0 
e 2 5 0 
e 2 7 0 
e 3 8 0 
e 3 5 0 
e 4 9 1 
e 4 10 0 
e 4 11 0 
e 4 5 0 
t # 80
v 0 0 
v 1 1 
v 2 1 
v 3 1 
v 4 1 
v 5 1 
v 6 1 
v 7 1 
v 8 1 
v 9 0 
v 10 0 
v 11 0 
v 12 0 
v 13 0 
v 14 0 
v 15 0 
v 16 0 
v 17 0 
v 18 0 
v 19 0 
v 20 0 
e 0 1 0 
e 0 2 0 
e 0 3 0 
e 0 4 0 
e 0 5 0 
e 0 6 0 
e 0 7 0 
e 0 8 0 
e 2 9 0 
e 3 10 0 
e 3 11 1 
e 6 12 1 
e 6 13 0 
e 6 14 0 
e 6 10 0 
e 6 11 2 
e 6 15 0 
e 6 16 1 
e 7 17 0 
e 7 18 0 
e 7 19 0 
e 7 20 0 
e 7 11 2 
t # 81
v 0 0 
v 1 1 
v 2 1 
v 3 1 
v 4 1 
v 5 1 
v 6 1 
v 7 1 
v 8 1 
v 9 0 
v 10 0 
v 11 0 
v 12 0 
v 13 0 
v 14 0 
v 15 0 
v 16 0 
v 17 0 
v 18 0 
v 19 0 
e 0 1 0 
e 0 2 0 
e 0 3 0 
e 0 4 0 
e 0 5 0 
e 0 6 0 
e 0 7 0 
e 0 8 1 
e 3 9 0 
e 3 10 0 
e 3 11 0 
e 3 12 0 
e 4 13 0 
e 4 14 0 
e 4 15 0 
e 4 16 0 
e 6 9 0 
e 6 17 0 
e 6 18 1 
e 7 18 1 
e 7 19 0 
e 8 9 0 
t # 82
v 0 0 
v 1 1 
v 2 1 
v 3 0 
v 4 0 
v 5 0 
v 6 0 
e 0 1 0 
e 0 2 0 
e 1 3 0 
e 1 4 0 
e 1 5 1 
e 1 6 0 
t # 83
v 0 0 
v 1 1 
v 2 1 
v 3 1 
v 4 1 
v 5 1 
v 6 1 
v 7 1 
v 8 1 
v 9 0 
v 10 0 
v 11 0 
v 12 0 
v 13 0 
v 14 0 
v 15 0 
v 16 0 
e 0 1 0 
e 0 2 0 
e 0 3 1 
e 0 4 0 
e 0 5 0 
e 0 6 0 
e 0 7 0 
e 0 8 0 
e 1 9 1 
e 1 10 1 
e 1 11 0 
e 4 12 0 
e 5 13 1 
e 5 14 0 
e 5 15 1 
e 8 14 0 
e 8 16 0 
t # 84
v 0 0 
v 1 1 
v 2 1 
v 3 1 
v 4 1 
v 5 1 
v 6 1 
v 7 1 
v 8 1 
v 9 0 
v 10 0 
v 11 0 
v 12 0 
v 13 0 
v 14 0 
v 15 0 
v 16 0 
e 0 1 0 
e 0 2 1 
e 0 3 0 
e 0 4 0 
e 0 5 0 
e 0 6 0 
e 0 7 0 
e 0 8 0 
e 2 9 0 
e 3 10 0 
e 3 11 1 
e 3 12 1 
e 3 13 0 
e 4 14 1 
e 4 15 0 
e 5 16 0 
t # 85
v 0 0 
v 1 1 
v 2 1 
v 3 1 
v 4 0 
v 5 0 
v 6 0 
v 7 0 
e 0 1 0 
e 0 2 0 
e 0 3 0 
e 2 4 0 
e 2 5 1 
e 3 6 0 
e 3 7 2 
t # 86
v 0 0 
v 1 1 
v 2 0 
v 3 0 
v 4 0 
v 5 0 
e 0 1 0 
e 1 2 0 
e 1 3 0 
e 1 4 0 
e 1 5 0 
t # 87
v 0 0 
v 1 1 
v 2 1 
v 3 1 
v 4 1 
v 5 1 
v 6 1 
v 7 1 
v 8 1 
v 9 0 
v 10 0 
v 11 0 
v 12 0 
v 13 0 
v 14 0 
v 15 0 
v 16 0 
e 0 1 0 
e 0 2 0 
e 0 3 1 
e 0 4 0 
e 0 5 0 
e 0 6 0 
e 0 7 0 
e 0 8 0 
e 1 9 0 
e 4 10 0 
e 6 11 1 
e 7 10 0 
e 7 12 1 
e 7 9 0 
e 7 13 0 
e 7 14 1 
e 7 15 0 
e 7 16 0 
t # 88
v 0 0 
v 1 1 
v 2 1 
v 3 1 
v 4 0 
v 5 0 
v 6 0 
v 7 0 
v 8 0 
v 9 0 
v 10 0 
v 11 0 
e 0 1 0 
e 0 2 0 
e 0 3 0 
e 1 4 0 
e 1 5 0 
e 1 6 0 
e 2 4 1 
e 2 7 0 
e 2 8 0 
e 3 9 0 
e 3 10 0 
e 3 11 0 
t # 89
v 0 0 
v 1 1 
v 2 0 
v 3 0 
v 4 0 
v 5 0 
v 6 0 
e 0 1 0 
e 1 2 0 
e 1 3 0 
e 1 4 0 
e 1 5 0 
e 1 6 0 
t # 90
v 0 0 
v 1 1 
v 2 1 
v 3 0 
v 4 0 
v 5 0 
e 0 1 0 
e 0 2 0 
e 1 3 0 
e 1 4 0 
e 1 5 0 
t # 91
v 0 0 
v 1 1 
v 2 1 
v 3 0 
v 4 0 
v 5 0 
v 6 0 
e 0 1 1 
e 0 2 0 
e 1 3 0 
e 1 4 0 
e 1 5 1 
e 1 6 0 
t # 92
v 0 0 
v 1 1 
v 2 0 
v 3 0 
v 4 0 
v 5 0 
e 0 1 0 
e 1 2 0 
e 1 3 0 
e 1 4 0 
e 1 5 0 
t # 93
v 0 0 
v 1 1 
v 2 0 
v 3 0 
v 4 0 
v 5 0 
v 6 0 
e 0 1 0 
e 1 2 0 
e 1 3 0 
e 1 4 0 
e 1 5 0 
e 1 6 0 
t # 94
v 0 0 
v 1 1 
v 2 0 
v 3 0 
v 4 0 
v 5 0 
e 0 1 0 
e 1 2 0 
e 1 3 0 
e 1 4 0 
e 1 5 0 
t # 95
v 0 0 
v 1 1 
v 2 0 
v 3 0 
v 4 0 
v 5 0 
v 6 0 
v 7 0 
e 0 1 0 
e 1 2 1 
e 1 3 0 
e 1 4 0 
e 1 5 0 
e 1 6 1 
e 1 7 0 
t # 96
v 0 0 
v 1 1 
v 2 1 
v 3 1 
v 4 1 
v 5 1 
v 6 1 
v 7 1 
v 8 1 
v 9 0 
v 10 0 
v 11 0 
v 12 0 
v 13 0 
v 14 0 
e 0 1 1 
e 0 2 0 
e 0 3 0 
e 0 4 0 
e 0 5 0 
e 0 6 0 
e 0 7 1 
e 0 8 0 
e 1 9 0 
e 1 10 0 
e 3 11 0 
e 3 12 0 
e 7 13 0 
e 8 14 0 
t # 97
v 0 0 
v 1 1 
v 2 1 
v 3 1 
v 4 1 
v 5 1 
v 6 1 
v 7 1 
v 8 1 
v 9 0 
e 0 1 0 
e 0 2 0 
e 0 3 0 
e 0 4 1 
e 0 5 0 
e 0 6 0 
e 0 7 0 
e 0 8 0 
e 6 9 0 
t # 98
v 0 0 
v 1 1 
v 2 1 
v 3 1 
v 4 1 
v 5 0 
v 6 0 
v 7 0 
e 0 1 0 
e 0 2 0 
e 0 3 0 
e 0 4 0 
e 2 5 0 
e 2 6 0 
e 4 7 0 
t # 99
v 0 0 
v 1 1 
v 2 1 
v 3 1 
v 4 0 
v 5 0 
v 6 0 
v 7 0 
e 0 1 0 
e 0 2 0 
e 0 3 0 
e 1 4 0 
e 1 5 0 
e 1 6 0 
e 2 5 0 
e 2 7 0 
t # 100
v 0 0 
v 1 1 
v 2 1 
v 3 1 
v 4 0 
v 5 0 
e 0 1 0 
e 0 2 0 
e 0 3 0 
e 1 4 0 
e 2 5 1 
t # 101
v 0 0 
v 1 1 
v 2 1 
v 3 1 
v 4 1 
v 5 1 
v 6 1 
v 7 1 
v 8 1 
v 9 0 
v 10 0 
v 11 0 
v 12 0 
v 13 0 
v 14 0 
v 15 0 
v 16 0 
v 17 0 
v 18 0 
v 19 0 
e 0 1 0 
e 0 2 0 
e 0 3 0 
e 0 4 0 
e 0 5 0 
e 0 6 0 
e 0 7 0 
e 0 8 0 
e 2 9 0 
e 2 10 0 
e 2 11 0 
e 2 12 0 
e 2 13 0 
e 6 14 0 
e 6 15 0 
e 8 16 0 
e 8 17 0 
e 8 18 0 
e 8 19 0 
t # 102
v 0 0 
v 1 1 
v 2 1 
v 3 1 
v 4 1 
v 5 1 
v 6 1 
v 7 1 
v 8 1 
v 9 0 
v 10 0 
v 11 0 
v 12 0 
v 13 0 
v 14 0 
v 15 0 
v 16 0 
v 17 0 
v 18 0 
v 19 0 
e 0 1 0 
e 0 2 0 
e 0 3 0 
e 0 4 0 
e 0 5 0 
e 0 6 0 
e 0 7 0 
e 0 8 0 
e 1 9 0 
e 2 10 0 
e 2 11 1 
e 2 12 0 
e 2 13 0 
e 2 14 0 
e 2 15 0 
e 4 16 0 
e 5 17 0 
e 5 18 0 
e 6 19 0 
t # 103
v 0 0 
v 1 1 
v 2 1 
v 3 1 
v 4 1 
v 5 1 
v 6 1 
v 7 1 
v 8 0 
v 9 0 
v 10 0 
v 11 0 
v 12 0 
v 13 0 
v 14 0 
v 15 0 
e 0 1 0 
e 0 2 0 
e 0 3 0 
e 0 4 0 
e 0 5 0 
e 0 6 0 
e 0 7 0 
e 3 8 0 
e 3 9 0 
e 3 10 0 
e 3 11 0 
e 3 12 0 
e 4 13 0 
e 6 14 1 
e 6 8 0 
e 6 15 0 
t # 104
v 0 0 
v 1 1 
v 2 1 
v 3 1 
v 4 1 
v 5 1 
v 6 0 
v 7 0 
v 8 0 
v 9 0 
v 10 0 
v 11 0 
v 12 0 
e 0 1 0 
e 0 2 0 
e 0 3 1 
e 0 4 0 
e 0 5 0 
e 1 6 0 
e 1 7 0 
e 1 8 0 
e 1 9 0 
e 2 10 0 
e 4 11 0 
e 4 12 0 
t # 105
v 0 0 
v 1 1 
v 2 0 
v 3 0 
v 4 0 
v 5 0 
v 6 0 
v 7 0 
v 8 0 
e 0 1 1 
e 1 2 0 
e 1 3 0 
e 1 4 1 
e 1 5 0 
e 1 6 0 
e 1 7 0 
e 1 8 1 
t # 106
v 0 0 
v 1 1 
v 2 1 
v 3 1 
v 4 1 
v 5 1 
v 6 1 
v 7 1 
v 8 1 
v 9 0 
v 10 0 
v 11 0 
v 12 0 
v 13 0 
v 14 0 
v 15 0 
v 16 0 
v 17 0 
v 18 0 
v 19 0 
v 20 0 
v 21 0 
v 22 0 
v 23 0 
v 24 0 
v 25 0 
e 0 1 0 
e 0 2 0 
e 0 3 1 
e 0 4 1 
e 0 5 0 
e 0 6 0 
e 0 7 0 
e 0 8 0 
e 1 9 0 
e 1 10 0 
e 1 11 1 
e 1 12 0 
e 1 13 0 
e 1 14 1 
e 3 15 0 
e 4 16 0 
e 4 17 0 
e 6 18 0 
e 7 19 1 
e 7 20 1 
e 7 21 1 
e 7 15 0 
e 7 17 0 
e 7 22 0 
e 7 14 0 
e 8 23 0 
e 8 24 0 
e 8 25 0 
t # 107
v 0 0 
v 1 1 
v 2 1 
v 3 1 
v 4 1 
v 5 1 
v 6 1 
v 7 1 
v 8 0 
e 0 1 0 
e 0 2 0 
e 0 3 1 
e 0 4 0 
e 0 5 0 
e 0 6 1 
e 0 7 1 
e 1 8 0 
t # 108
v 0 0 
v 1 1 
v 2 1 
v 3 1 
v 4 1 
v 5 1 
v 6 1 
v 7 1 
v 8 0 
v 9 0 
v 10 0 
v 11 0 
v 12 0 
v 13 0 
e 0 1 0 
e 0 2 0 
e 0 3 0 
e 0 4 0 
e 0 5 0 
e 0 6 0 
e 0 7 0 
e 2 8 0 
e 2 9 0 
e 2 10 0 
e 3 11 0 
e 4 12 0 
e 5 12 0 
e 5 13 0 
e 7 12 0 
t # 109
v 0 0 
v 1 1 
v 2 1 
v 3 1 
v 4 1 
v 5 1 
v 6 1 
v 7 1 
v 8 1 
v 9 0 
v 10 0 
v 11 0 
e 0 1 1 
e 0 2 0 
e 0 3 1 
e 0 4 0 
e 0 5 0 
e 0 6 0 
e 0 7 0 
e 0 8 0 
e 5 9 0 
e 5 10 0 
e 5 11 1 
t # 110
v 0 0 
v 1 1 
v 2 1 
v 3 0 
v 4 0 
v 5 0 
e 0 1 0 
e 0 2 0 
e 1 3 0 
e 1 4 0 
e 2 5 0 
t # 111
v 0 0 
v 1 1 
v 2 1 
v 3 1 
v 4 1 
v 5 0 
v 6 0 
v 7 0 
v 8 0 
v 9 0 
v 10 0 
v 11 0 
v 12 0 
e 0 1 0 
e 0 2 0 
e 0 3 0 
e 0 4 0 
e 1 5 0 
e 1 6 1 
e 1 7 1 
e 1 8 0 
e 1 9 1 
e 2 10 1 
e 2 11 0 
e 2 12 1 
e 2 6 1 
t # 112
v 0 0 
v 1 1 
v 2 1 
v 3 1 
v 4 1 
v 5 1 
v 6 1 
v 7 1 
v 8 1 
v 9 0 
v 10 0 
v 11 0 
v 12 0 
v 13 0 
v 14 0 
v 15 0 
v 16 0 
v 17 0 
v 18 0 
v 19 0 
v 20 0 
v 21 0 
v 22 0 
v 23 0 
e 0 1 1 
e 0 2 0 
e 0 3 0 
e 0 4 0 
e 0 5 0 
e 0 6 0 
e 0 7 0 
e 0 8 0 
e 1 9 2 
e 1 10 0 
e 1 11 0 
e 1 12 0 
e 1 13 0 
e 1 14 0 
e 2 15 0 
e 3 16 0 
e 3 17 0 
e 4 9 0 
e 5 18 0 
e 5 19 0 
e 6 20 1 
e 7 21 0 
e 7 22 0 
e 8 21 0 
e 8 19 1 
e 8 9 0 
e 8 22 0 
e 8 23 0 
t # 113
v 0 0 
v 1 1 
v 2 1 
v 3 1 
v 4 0 
v 5 0 
e 0 1 0 
e 0 2 0 
e 0 3 0 
e 3 4 0 
e 3 5 0 
t # 114
v 0 0 
v 1 1 
v 2 1 
v 3 1 
v 4 1 
v 5 1 
v 6 0 
v 7 0 
v 8 0 
v 9 0 
v 10 0 
v 11 0 
v 12 0 
v 13 0 
v 14 0 
v 15 0 
v 16 0 
e 0 1 0 
e 0 2 0 
e 0 3 0 
e 0 4 0 
e 0 5 0 
e 1 6 1 
e 1 7 1 
e 1 8 1 
e 1 9 0 
e 2 10 1 
e 3 6 0 
e 3 11 0 
e 4 6 0 
e 4 12 1 
e 4 13 0 
e 4 11 0 
e 4 14 0 
e 4 15 0 
e 4 16 0 
t # 115
v 0 0 
v 1 1 
v 2 1 
v 3 1 
v 4 1 
v 5 1 
v 6 1 
v 7 1 
v 8 1 
v 9 0 
v 10 0 
v 11 0 
v 12 0 
v 13 0 
v 14 0 
v 15 0 
v 16 0 
v 17 0 
v 18 0 
v 19 0 
e 0 1 0 
e 0 2 0 
e 0 3 0 
e 0 4 0 
e 0 5 0 
e 0 6 0 
e 0 7 1 
e 0 8 0 
e 2 9 1 
e 2 10 0 
e 3 11 0 
e 3 12 0 
e 5 13 0 
e 5 11 0 
e 5 14 0 
e 7 15 0 
e 8 16 0 
e 8 17 1 
e 8 18 1 
e 8 19 0 
t # 116
v 0 0 
v 1 1 
v 2 1 
v 3 1 
v 4 1 
v 5 1 
v 6 1 
v 7 1 
v 8 1 
v 9 0 
v 10 0 
v 11 0 
v 12 0 
v 13 0 
v 14 0 
e 0 1 0 
e 0 2 0 
e 0 3 0 
e 0 4 0 
e 0 5 0 
e 0 6 0 
e 0 7 0 
e 0 8 0 
e 4 9 0 
e 5 10 1 
e 6 11 0 
e 6 12 0 
e 7 13 0 
e 7 14 1 
t # 117
v 0 0 
v 1 1 
v 2 1 
v 3 0 
v 4 0 
v 5 0 
e 0 1 0 
e 0 2 0 
e 1 3 0 
e 1 4 0 
e 2 5 1 
t # 118
v 0 0 
v 1 1 
v 2 1 
v 3 1 
v 4 0 
v 5 0 
v 6 0 
v 7 0 
v 8 0 
v 9 0 
e 0 1 1 
e 0 2 0 
e 0 3 0 
e 2 4 0 
e 2 5 0 
e 2 6 0 
e 3 7 0 
e 3 8 0 
e 3 9 0 
t # 119
v 0 0 
v 1 1 
v 2 0 
v 3 0 
v 4 0 
v 5 0 
v 6 0 
e 0 1 0 
e 1 2 0 
e 1 3 0 
e 1 4 0 
e 1 5 1 
e 1 6 0 
t # 120
v 0 0 
v 1 1 
v 2 1 
v 3 1 
v 4 0 
v 5 0 
v 6 0 
v 7 0 
v 8 0 
v 9 0 
e 0 1 0 
e 0 2 0 
e 0 3 0 
e 2 4 0 
e 2 5 0 
e 2 6 0 
e 2 7 0 
e 2 8 0 
e 2 9 0 
t # 121
v 0 0 
v 1 1 
v 2 1 
v 3 1 
v 4 1 
v 5 0 
v 6 0 
v 7 0 
v 8 0 
v 9 0 
v 10 0 
v 11 0 
v 12 0 
v 13 0 
v 14 0 
v 15 0 
v 16 0 
v 17 0 
v 18 0 
v 19 0 
v 20 0 
v 21 0 
v 22 0 
v 23 0 
v 24 0 
e 0 1 0 
e 0 2 0 
e 0 3 0 
e 0 4 0 
e 1 5 1 
e 1 6 0 
e 1 7 0 
e 1 8 0 
e 1 9 0 
e 2 10 0 
e 2 11 0 
e 2 12 0 
e 3 13 0 
e 3 14 0 
e 3 15 0 
e 3 16 0 
e 3 17 0 
e 3 18 0 
e 4 19 0 
e 4 20 0 
e 4 21 0 
e 4 22 0 
e 4 23 0 
e 4 24 0 
t # 122
v 0 0 
v 1 1 
v 2 1 
v 3 0 
v 4 0 
v 5 0 
e 0 1 0 
e 0 2 0 
e 1 3 1 
e 1 4 1 
e 1 5 0 
t # 123
v 0 0 
v 1 1 
v 2 0 
v 3 0 
v 4 0 
v 5 0 
e 0 1 0 
e 1 2 0 
e 1 3 1 
e 1 4 0 
e 1 5 1 
t # 124
v 0 0 
v 1 1 
v 2 1 
v 3 1 
v 4 0 
v 5 0 
e 0 1 0 
e 0 2 0 
e 0 3 0 
e 1 4 0 
e 3 5 0 
t # 125
v 0 0 
v 1 1 
v 2 1 
v 3 1 
v 4 1 
v 5 0 
v 6 0 
v 7 0 
v 8 0 
v 9 0 
v 10 0 
v 11 0 
v 12 0 
v 13 0 
e 0 1 0 
e 0 2 0 
e 0 3 0 
e 0 4 1 
e 1 5 0 
e 1 6 0 
e 1 7 0 
e 1 8 0 
e 1 9 0 
e 1 10 0 
e 4 11 1 
e 4 12 0 
e 4 13 1 
t # 126
v 0 0 
v 1 1 
v 2 1 
v 3 1 
v 4 0 
v 5 0 
v 6 0 
v 7 0 
v 8 0 
v 9 0 
v 10 0 
e 0 1 1 
e 0 2 0 
e 0 3 0 
e 1 4 0 
e 1 5 1 
e 1 6 1 
e 2 7 0 
e 2 8 0 
e 2 4 0 
e 2 9 0 
e 2 10 0 
t # 127
v 0 0 
v 1 1 
v 2 1 
v 3 1 
v 4 1 
v 5 0 
e 0 1 0 
e 0 2 0 
e 0 3 0 
e 0 4 0 
e 4 5 0 
t # 128
v 0 0 
v 1 1 
v 2 1 
v 3 1 
v 4 1 
v 5 1 
v 6 1 
v 7 1 
v 8 0 
v 9 0 
v 10 0 
v 11 0 
v 12 0 
v 13 0 
v 14 0 
v 15 0 
v 16 0 
v 17 0 
e 0 1 0 
e 0 2 0 
e 0 3 1 
e 0 4 0 
e 0 5 0 
e 0 6 0 
e 0 7 0 
e 1 8 0 
e 1 9 0 
e 1 10 0 
e 1 11 0 
e 1 12 0 
e 3 13 1 
e 3 14 0 
e 3 15 0 
e 4 13 1 
e 5 13 1 
e 5 16 0 
e 5 17 0 
t # 129
v 0 0 
v 1 1 
v 2 1 
v 3 0 
v 4 0 
v 5 0 
v 6 0 
e 0 1 1 
e 0 2 0 
e 1 3 1 
e 2 4 0 
e 2 5 0 
e 2 6 0 
t # 130
v 0 0 
v 1 1 
v 2 1 
v 3 1 
v 4 1 
v 5 1 
v 6 0 
v 7 0 
v 8 0 
v 9 0 
e 0 1 0 
e 0 2 0 
e 0 3 0 
e 0 4 0 
e 0 5 0 
e 1 6 0 
e 2 7 0 
e 4 6 2 
e 4 8 0 
e 5 9 0 
t # 131
v 0 0 
v 1 1 
v 2 1 
v 3 1 
v 4 1 
v 5 1 
v 6 1 
v 7 1 
v 8 1 
v 9 0 
v 10 0 
e 0 1 1 
e 0 2 1 
e 0 3 1 
e 0 4 1 
e 0 5 1 
e 0 6 0 
e 0 7 0 
e 0 8 1 
e 1 9 1 
e 4 9 1 
e 4 10 1 
e 5 9 0 
e 7 9 0 
e 8 9 1 
t # 132
v 0 0 
v 1 1 
v 2 1 
v 3 1 
v 4 1 
v 5 1 
v 6 1 
v 7 1 
v 8 1 
v 9 0 
v 10 0 
v 11 0 
v 12 0 
e 0 1 1 
e 0 2 1 
e 0 3 2 
e 0 4 0 
e 0 5 0 
e 0 6 1 
e 0 7 0 
e 0 8 0 
e 1 9 0 
e 2 10 0 
e 3 11 1 
e 6 12 0 
t # 133
v 0 0 
v 1 1 
v 2 1 
v 3 1 
v 4 1 
v 5 1 
v 6 1 
v 7 1 
v 8 1 
v 9 0 
v 10 0 
v 11 0 
v 12 0 
v 13 0 
v 14 0 
e 0 1 0 
e 0 2 0 
e 0 3 0 
e 0 4 0 
e 0 5 0 
e 0 6 0 
e 0 7 0 
e 0 8 1 
e 1 9 1 
e 3 10 0 
e 4 9 0 
e 4 10 1 
e 4 11 0 
e 8 10 1 
e 8 12 0 
e 8 13 1 
e 8 14 0 
e 8 9 0 
t # 134
v 0 0 
v 1 1 
v 2 0 
v 3 0 
v 4 0 
v 5 0 
v 6 0 
e 0 1 0 
e 1 2 1 
e 1 3 1 
e 1 4 0 
e 1 5 0 
e 1 6 0 
t # 135
v 0 0 
v 1 1 
v 2 1 
v 3 0 
v 4 0 
v 5 0 
v 6 0 
e 0 1 0 
e 0 2 0 
e 1 3 0 
e 1 4 0 
e 2 5 1 
e 2 6 0 
t # 136
v 0 0 
v 1 1 
v 2 1 
v 3 1 
v 4 1 
v 5 1 
v 6 1 
v 7 1 
v 8 1 
v 9 0 
v 10 0 
e 0 1 0 
e 0 2 0 
e 0 3 0 
e 0 4 0 
e 0 5 0 
e 0 6 0 
e 0 7 0 
e 0 8 0 
e 1 9 0 
e 3 10 1 
t # 137
v 0 0 
v 1 1 
v 2 1 
v 3 1 
v 4 1 
v 5 1 
v 6 1 
v 7 1 
v 8 0 
v 9 0 
v 10 0 
v 11 0 
e 0 1 0 
e 0 2 1 
e 0 3 0 
e 0 4 0 
e 0 5 0 
e 0 6 1 
e 0 7 0 
e 2 8 0 
e 3 9 0 
e 7 10 0 
e 7 11 0 
t # 138
v 0 0 
v 1 1 
v 2 0 
v 3 0 
v 4 0 
v 5 0 
e 0 1 0 
e 1 2 1 
e 1 3 0 
e 1 4 0 
e 1 5 0 
t # 139
v 0 0 
v 1 1 
v 2 1 
v 3 1 
v 4 1 
v 5 1 
v 6 1 
v 7 1 
v 8 1 
v 9 0 
v 10 0 
v 11 0 
v 12 0 
v 13 0 
v 14 0 
e 0 1 1 
e 0 2 0 
e 0 3 1 
e 0 4 0 
e 0 5 1 
e 0 6 0 
e 0 7 0 
e 0 8 1 
e 2 9 0 
e 5 10 0 
e 5 11 0 
e 5 12 0 
e 6 13 0 
e 6 14 0 
t # 140
v 0 0 
v 1 1 
v 2 1 
v 3 1 
v 4 1 
v 5 1 
v 6 1 
v 7 1 
v 8 1 
v 9 0 
v 10 0 
v 11 0 
v 12 0 
v 13 0 
v 14 0 
e 0 1 0 
e 0 2 0 
e 0 3 0 
e 0 4 1 
e 0 5 0 
e 0 6 0 
e 0 7 1 
e 0 8 0 
e 5 9 0 
e 5 10 1 
e 5 11 0 
e 5 12 0 
e 5 13 1 
e 6 14 0 
e 6 13 0 
e 7 14 0 
t # 141
v 0 0 
v 1 1 
v 2 1 
v 3 1 
v 4 1 
v 5 1 
v 6 0 
v 7 0 
v 8 0 
v 9 0 
v 10 0 
v 11 0 
e 0 1 1 
e 0 2 1 
e 0 3 0 
e 0 4 0 
e 0 5 0 
e 1 6 0 
e 1 7 0 
e 1 8 0 
e 2 9 0 
e 3 7 1 
e 3 10 0 
e 4 7 0 
e 5 11 0 
t # 142
v 0 0 
v 1 1 
v 2 1 
v 3 1 
v 4 1 
v 5 1 
v 6 1 
v 7 1 
v 8 1 
v 9 0 
v 10 0 
v 11 0 
v 12 0 
v 13 0 
v 14 0 
e 0 1 0 
e 0 2 0 
e 0 3 0 
e 0 4 0 
e 0 5 0 
e 0 6 0 
e 0 7 0 
e 0 8 0 
e 1 9 1 
e 2 10 0 
e 4 11 0 
e 7 12 1 
e 8 11 1 
e 8 13 0 
e 8 14 0 
t # 143
v 0 0 
v 1 1 
v 2 1 
v 3 0 
v 4 0 
v 5 0 
e 0 1 0 
e 0 2 0 
e 1 3 1 
e 1 4 1 
e 2 5 1 
t # 144
v 0 0 
v 1 1 
v 2 1 
v 3 0 
v 4 0 
v 5 0 
v 6 0 
e 0 1 0 
e 0 2 0 
e 2 3 0 
e 2 4 0 
e 2 5 0 
e 2 6 0 
t # 145
v 0 0 
v 1 1 
v 2 1 
v 3 1 
v 4 1 
v 5 1 
v 6 1 
v 7 1 
v 8 1 
v 9 0 
v 10 0 
v 11 0 
v 12 0 
v 13 0 
v 14 0 
v 15 0 
v 16 0 
v 17 0 
e 0 1 0 
e 0 2 0 
e 0 3 1 
e 0 4 0 
e 0 5 0 
e 0 6 0 
e 0 7 0 
e 0 8 0 
e 2 9 0 
e 2 10 0 
e 6 11 0 
e 6 12 0 
e 6 13 0 
e 7 14 0 
e 7 10 0 
e 8 15 0 
e 8 16 0 
e 8 17 0 
t # 146
v 0 0 
v 1 1 
v 2 1 
v 3 1 
v 4 1 
v 5 1 
v 6 1 
v 7 1 
v 8 1 
v 9 0 
v 10 0 
v 11 0 
v 12 0 
v 13 0 
v 14 0 
v 15 0 
v 16 0 
v 17 0 
v 18 0 
v 19 0 
v 20 0 
v 21 0 
v 22 0 
v 23 0 
v 24 0 
v 25 0 
e 0 1 0 
e 0 2 0 
e 0 3 0 
e 0 4 0 
e 0 5 1 
e 0 6 0 
e 0 7 1 
e 0 8 0 
e 1 9 0 
e 2 10 0 
e 2 11 0 
e 5 12 0 
e 5 13 0 
e 5 14 1 
e 5 11 0 
e 6 15 0 
e 7 16 0 
e 7 17 0 
e 7 18 1 
e 7 19 0 
e 7 20 1 
e 7 21 0 
e 7 22 1 
e 7 15 1 
e 8 23 0 
e 8 24 0 
e 8 25 0 
t # 147
v 0 0 
v 1 1 
v 2 1 
v 3 0 
v 4 0 
v 5 0 
v 6 0 
v 7 0 
v 8 0 
v 9 0 
v 10 0 
v 11 0 
e 0 1 0 
e 0 2 0 
e 1 3 1 
e 1 4 0 
e 1 5 0 
e 1 6 0 
e 1 7 0 
e 1 8 1 
e 1 9 0 
e 2 5 0 
e 2 10 0 
e 2 11 0 
t # 148
v 0 0 
v 1 1 
v 2 0 
v 3 0 
v 4 0 
v 5 0 
v 6 0 
v 7 0 
v 8 0 
e 0 1 0 
e 1 2 0 
e 1 3 0 
e 1 4 0 
e 1 5 0 
e 1 6 0 
e 1 7 0 
e 1 8 0 
t # 149
v 0 0 
v 1 1 
v 2 1 
v 3 0 
v 4 0 
v 5 0 
v 6 0 
v 7 0 
v 8 0 
v 9 0 
e 0 1 0 
e 0 2 1 
e 1 3 0 
e 1 4 0 
e 1 5 0 
e 1 6 0 
e 1 7 0 
e 2 8 0 
e 2 9 0 
t # 150
v 0 0 
v 1 1 
v 2 0 
v 3 0 
v 4 0 
v 5 0 
e 0 1 0 
e 1 2 0 
e 1 3 0 
e 1 4 0 
e 1 5 0 
t # 151
v 0 0 
v 1 1 
v 2 0 
v 3 0 
v 4 0 
v 5 0 
e 0 1 0 
e 1 2 0 
e 1 3 0 
e 1 4 2 
e 1 5 1 
t # 152
v 0 0 
v 1 1 
v 2 1 
v 3 1 
v 4 0 
v 5 0 
v 6 0 
v 7 0 
v 8 0 
v 9 0 
v 10 0 
e 0 1 0 
e 0 2 0 
e 0 3 0 
e 1 4 0 
e 1 5 0 
e 1 6 1 
e 2 7 0 
e 2 8 0 
e 2 9 2 
e 2 10 1 
t # 153
v 0 0 
v 1 1 
v 2 1 
v 3 1 
v 4 1 
v 5 1 
v 6 0 
v 7 0 
v 8 0 
v 9 0 
v 10 0 
v 11 0 
v 12 0 
v 13 0 
v 14 0 
v 15 0 
v 16 0 
v 17 0 
v 18 0 
e 0 1 0 
e 0 2 0 
e 0 3 0 
e 0 4 1 
e 0 5 0 
e 1 6 0 
e 1 7 0 
e 1 8 0 
e 1 9 0 
e 1 10 0 
e 3 11 0 
e 3 12 0 
e 3 13 0 
e 3 14 0 
e 3 15 0 
e 3 16 1 
e 3 17 0 
e 5 18 1 
t # 154
v 0 0 
v 1 1 
v 2 1 
v 3 1 
v 4 1 
v 5 1 
v 6 1 
v 7 0 
v 8 0 
v 9 0 
v 10 0 
v 11 0 
v 12 0 
v 13 0 
v 14 0 
v 15 0 
v 16 0 
v 17 0 
v 18 0 
v 19 0 
v 20 0 
v 21 0 
v 22 0 
v 23 0 
e 0 1 0 
e 0 2 0 
e 0 3 1 
e 0 4 0 
e 0 5 0 
e 0 6 0 
e 2 7 0 
e 2 8 0 
e 2 9 0 
e 2 10 0 
e 2 11 0 
e 3 12 0 
e 3 13 0 
e 3 14 0 
e 3 15 0 
e 3 16 0 
e 3 17 0 
e 3 18 0 
e 3 19 0 
e 4 20 0 
e 4 21 0 
e 5 22 0 
e 5 23 0 
t # 155
v 0 0 
v 1 1 
v 2 0 
v 3 0 
v 4 0 
v 5 0 
v 6 0 
v 7 0 
v 8 0 
e 0 1 0 
e 1 2 0 
e 1 3 0 
e 1 4 0 
e 1 5 0 
e 1 6 0 
e 1 7 0 
e 1 8 0 
t # 156
v 0 0 
v 1 1 
v 2 1 
v 3 0 
v 4 0 
v 5 0 
v 6 0 
v 7 0 
v 8 0 
e 0 1 0 
e 0 2 0 
e 1 3 0 
e 1 4 0 
e 2 5 0 
e 2 6 0 
e 2 7 0 
e 2 8 0 
t # 157
v 0 0 
v 1 1 
v 2 1 
v 3 1 
v 4 0 
v 5 0 
v 6 0 
v 7 0 
v 8 0 
v 9 0 
v 10 0 
v 11 0 
v 12 0 
e 0 1 1 
e 0 2 0 
e 0 3 0 
e 2 4 1 
e 2 5 0 
e 2 6 1 
e 2 7 0 
e 2 8 0 
e 2 9 0 
e 2 10 0 
e 3 11 0 
e 3 12 0 
t # 158
v 0 0 
v 1 1 
v 2 1 
v 3 1 
v 4 1 
v 5 1 
v 6 1 
v 7 1 
v 8 1 
v 9 0 
v 10 0 
v 11 0 
v 12 0 
v 13 0 
v 14 0 
v 15 0 
v 16 0 
v 17 0 
v 18 0 
v 19 0 
v 20 0 
v 21 0 
v 22 0 
v 23 0 
v 24 0 
v 25 0 
v 26 0 
v 27 0 
v 28 0 
v 29 0 
e 0 1 0 
e 0 2 0 
e 0 3 0 
e 0 4 0 
e 0 5 1 
e 0 6 0 
e 0 7 1 
e 0 8 0 
e 1 9 0 
e 1 10 0 
e 1 11 0 
e 1 12 0 
e 1 13 0 
e 2 13 0 
e 3 14 1 
e 4 15 0 
e 5 16 0 
e 6 16 0 
e 6 17 0 
e 6 18 0 
e 6 19 0 
e 6 20 0 
e 7 21 1 
e 7 22 1 
e 8 23 1 
e 8 24 0 
e 8 25 0 
e 8 26 0 
e 8 27 0 
e 8 28 0 
e 8 18 0 
e 8 29 0 
t # 159
v 0 0 
v 1 1 
v 2 1 
v 3 1 
v 4 0 
v 5 0 
v 6 0 
e 0 1 0 
e 0 2 1 
e 0 3 0 
e 2 4 1 
e 2 5 0 
e 2 6 0 
t # 160
v 0 0 
v 1 1 
v 2 1 
v 3 1 
v 4 0 
v 5 0 
v 6 0 
v 7 0 
v 8 0 
v 9 0 
v 10 0 
v 11 0 
v 12 0 
v 13 0 
e 0 1 0 
e 0 2 0 
e 0 3 0 
e 1 4 0 
e 1 5 0 
e 2 6 1 
e 2 7 0 
e 2 8 0 
e 2 9 0 
e 2 10 0 
e 2 11 0 
e 2 12 0 
e 2 13 0 
t # 161
v 0 0 
v 1 1 
v 2 1 
v 3 0 
v 4 0 
v 5 0 
v 6 0 
v 7 0 
v 8 0 
v 9 0 
e 0 1 0 
e 0 2 0 
e 1 3 0 
e 1 4 0 
e 1 5 0 
e 1 6 0 
e 1 7 0 
e 1 8 0 
e 2 9 0 
t # 162
v 0 0 
v 1 1 
v 2 1 
v 3 1 
v 4 0 
v 5 0 
v 6 0 
v 7 0 
v 8 0 
v 9 0 
e 0 1 0 
e 0 2 0 
e 0 3 0 
e 1 4 0 
e 1 5 0 
e 2 6 0 
e 2 7 0 
e 2 8 0 
e 2 9 0 
t # 163
v 0 0 
v 1 1 
v 2 1 
v 3 1 
v 4 0 
v 5 0 
v 6 0 
v 7 0 
v 8 0 
v 9 0 
v 10 0 
v 11 0 
e 0 1 0 
e 0 2 0 
e 0 3 0 
e 1 4 0 
e 2 5 0 
e 2 6 1 
e 2 7 0 
e 2 8 0 
e 3 9 0 
e 3 10 0 
e 3 11 0 
t # 164
v 0 0 
v 1 1 
v 2 1 
v 3 1 
v 4 1 
v 5 1 
v 6 0 
v 7 0 
v 8 0 
v 9 0 
v 10 0 
v 11 0 
v 12 0 
v 13 0 
v 14 0 
v 15 0 
v 16 0 
v 17 0 
v 18 0 
v 19 0 
v 20 0 
v 21 0 
v 22 0 
v 23 0 
v 24 0 
e 0 1 0 
e 0 2 0 
e 0 3 0 
e 0 4 1 
e 0 5 0 
e 1 6 0 
e 1 7 0 
e 1 8 0 
e 1 9 0 
e 1 10 0 
e 2 11 0 
e 2 12 1 
e 2 13 0 
e 3 14 0 
e 3 15 0 
e 3 16 1 
e 3 17 0 
e 3 18 0 
e 3 19 1 
e 3 20 1 
e 4 21 0 
e 4 22 0 
e 5 11 1 
e 5 12 0 
e 5 13 0 
e 5 23 0 
e 5 24 0 
t # 165
v 0 0 
v 1 1 
v 2 1 
v 3 0 
v 4 0 
v 5 0 
v 6 0 
v 7 0 
e 0 1 0 
e 0 2 0 
e 1 3 0 
e 1 4 0 
e 1 5 1 
e 2 3 0 
e 2 4 1 
e 2 5 0 
e 2 6 0 
e 2 7 0 
t # 166
v 0 0 
v 1 1 
v 2 1 
v 3 1 
v 4 1 
v 5 1 
v 6 0 
v 7 0 
v 8 0 
v 9 0 
v 10 0 
v 11 0 
v 12 0 
v 13 0 
v 14 0 
v 15 0 
v 16 0 
v 17 0 
e 0 1 1 
e 0 2 0 
e 0 3 1 
e 0 4 0 
e 0 5 0 
e 2 6 0 
e 2 7 0 
e 2 8 0 
e 2 9 0 
e 2 10 0 
e 2 11 0 
e 2 12 0 
e 3 13 0 
e 3 14 0 
e 3 15 1 
e 3 16 1 
e 3 17 0 
t # 167
v 0 0 
v 1 1 
v 2 1 
v 3 0 
v 4 0 
v 5 0 
v 6 0 
v 7 0 
v 8 0 
v 9 0 
v 10 0 
v 11 0 
v 12 0 
e 0 1 0 
e 0 2 0 
e 1 3 0 
e 1 4 0 
e 1 5 0 
e 1 6 0 
e 1 7 0 
e 1 8 0 
e 2 9 1 
e 2 10 0 
e 2 11 0 
e 2 12 0 
t # 168
v 0 0 
v 1 1 
v 2 1 
v 3 0 
v 4 0 
v 5 0 
v 6 0 
v 7 0 
e 0 1 0 
e 0 2 0 
e 1 3 0 
e 1 4 0 
e 1 5 0 
e 1 6 1 
e 2 7 0 
t # 169
v 0 0 
v 1 1 
v 2 1 
v 3 1 
v 4 0 
v 5 0 
v 6 0 
v 7 0 
e 0 1 0 
e 0 2 0 
e 0 3 0 
e 2 4 0 
e 3 5 0 
e 3 6 0 
e 3 7 1 
t # 170
v 0 0 
v 1 1 
v 2 1 
v 3 0 
v 4 0 
v 5 0 
v 6 0 
v 7 0 
v 8 0 
v 9 0 
e 0 1 0 
e 0 2 0 
e 1 3 0 
e 1 4 0 
e 1 5 1 
e 1 6 0 
e 1 7 0 
e 1 8 0 
e 2 7 0 
e 2 8 1 
e 2 9 0 
t # 171
v 0 0 
v 1 1 
v 2 1 
v 3 1 
v 4 1 
v 5 1 
v 6 1 
v 7 1 
v 8 1 
v 9 0 
v 10 0 
v 11 0 
v 12 0 
v 13 0 
v 14 0 
v 15 0 
e 0 1 1 
e 0 2 0 
e 0 3 2 
e 0 4 2 
e 0 5 1 
e 0 6 2 
e 0 7 2 
e 0 8 1 
e 1 9 1 
e 6 10 0 
e 7 11 0 
e 7 12 1 
e 7 13 0 
e 7 14 1 
e 7 9 0 
e 7 15 0 
e 8 14 0 
t # 172
v 0 0 
v 1 1 
v 2 1 
v 3 1 
v 4 1 
v 5 1 
v 6 1 
v 7 1 
v 8 1 
v 9 0 
v 10 0 
v 11 0 
v 12 0 
v 13 0 
v 14 0 
v 15 0 
v 16 0 
v 17 0 
v 18 0 
v 19 0 
e 0 1 0 
e 0 2 0 
e 0 3 0 
e 0 4 0 
e 0 5 0 
e 0 6 0 
e 0 7 0 
e 0 8 0 
e 2 9 2 
e 2 10 1 
e 3 11 0 
e 3 12 0 
e 4 13 1 
e 4 10 0 
e 4 14 0 
e 5 15 0 
e 6 16 0 
e 6 10 1 
e 6 17 0 
e 6 18 0 
e 6 14 0 
e 7 9 2 
e 7 19 0 
t # 173
v 0 0 
v 1 1 
v 2 1 
v 3 1 
v 4 1 
v 5 1 
v 6 1 
v 7 1 
v 8 1 
v 9 0 
v 10 0 
e 0 1 1 
e 0 2 0 
e 0 3 1 
e 0 4 0 
e 0 5 0 
e 0 6 0 
e 0 7 0 
e 0 8 0 
e 5 9 0 
e 8 10 0 
t # 174
v 0 0 
v 1 1 
v 2 1 
v 3 1 
v 4 1 
v 5 1 
v 6 1 
v 7 1 
v 8 1 
v 9 0 
v 10 0 
v 11 0 
v 12 0 
v 13 0 
v 14 0 
v 15 0 
v 16 0 
v 17 0 
v 18 0 
v 19 0 
v 20 0 
v 21 0 
v 22 0 
v 23 0 
e 0 1 0 
e 0 2 1 
e 0 3 1 
e 0 4 1 
e 0 5 1 
e 0 6 0 
e 0 7 0 
e 0 8 0 
e 1 9 0 
e 1 10 0 
e 2 11 0 
e 3 12 0 
e 3 13 0 
e 3 14 1 
e 3 15 0 
e 3 16 0 
e 3 17 0 
e 4 18 2 
e 4 19 1 
e 4 20 0 
e 4 15 0 
e 5 12 0 
e 5 21 0 
e 7 13 0 
e 7 22 0 
e 7 16 0 
e 8 23 0 
t # 175
v 0 0 
v 1 1 
v 2 1 
v 3 1 
v 4 1 
v 5 1 
v 6 1 
v 7 1 
v 8 1 
v 9 0 
v 10 0 
v 11 0 
v 12 0 
v 13 0 
v 14 0 
v 15 0 
v 16 0 
v 17 0 
v 18 0 
v 19 0 
e 0 1 0 
e 0 2 0 
e 0 3 0 
e 0 4 1 
e 0 5 0 
e 0 6 0 
e 0 7 0 
e 0 8 0 
e 2 9 0 
e 2 10 0 
e 2 11 0 
e 2 12 0 
e 2 13 0 
e 3 14 0 
e 3 15 0 
e 3 16 1 
e 3 17 0 
e 3 18 0 
e 3 19 0 
e 3 13 0 
t # 176
v 0 0 
v 1 1 
v 2 1 
v 3 1 
v 4 1 
v 5 0 
v 6 0 
e 0 1 0 
e 0 2 0 
e 0 3 0 
e 0 4 1 
e 3 5 1 
e 3 6 0 
t # 177
v 0 0 
v 1 1 
v 2 1 
v 3 1 
v 4 0 
v 5 0 
v 6 0 
v 7 0 
e 0 1 0 
e 0 2 0 
e 0 3 0 
e 1 4 0 
e 2 5 0 
e 2 6 0 
e 2 7 1 
t # 178
v 0 0 
v 1 1 
v 2 1 
v 3 0 
v 4 0 
v 5 0 
v 6 0 
e 0 1 0 
e 0 2 0 
e 1 3 0 
e 1 4 0 
e 1 5 0 
e 1 6 1 
e 2 5 0 
t # 179
v 0 0 
v 1 1 
v 2 1 
v 3 0 
v 4 0 
v 5 0 
v 6 0 
e 0 1 0 
e 0 2 0 
e 1 3 0 
e 1 4 0 
e 1 5 0 
e 2 6 0 
t # 180
v 0 0 
v 1 1 
v 2 1 
v 3 1 
v 4 1 
v 5 1 
v 6 1 
v 7 1 
v 8 1 
v 9 0 
v 10 0 
v 11 0 
v 12 0 
v 13 0 
v 14 0 
e 0 1 0 
e 0 2 0 
e 0 3 0 
e 0 4 0 
e 0 5 0 
e 0 6 0 
e 0 7 0 
e 0 8 0 
e 1 9 0 
e 1 10 0 
e 4 11 1 
e 4 12 0 
e 6 13 0 
e 8 14 0 
t # 181
v 0 0 
v 1 1 
v 2 1 
v 3 1 
v 4 1 
v 5 1 
v 6 1 
v 7 0 
v 8 0 
v 9 0 
v 10 0 
v 11 0 
v 12 0 
v 13 0 
v 14 0 
v 15 0 
v 16 0 
v 17 0 
v 18 0 
v 19 0 
e 0 1 0 
e 0 2 0 
e 0 3 0 
e 0 4 0 
e 0 5 0 
e 0 6 0 
e 1 7 0 
e 1 8 1 
e 1 9 0 
e 1 10 0 
e 3 11 0 
e 3 12 0 
e 4 13 1 
e 4 14 0 
e 4 15 0 
e 4 16 0 
e 5 16 2 
e 5 13 0 
e 5 17 0 
e 5 15 0 
e 6 18 0 
e 6 19 0 
t # 182
v 0 0 
v 1 1 
v 2 1 
v 3 1 
v 4 1 
v 5 1 
v 6 0 
v 7 0 
v 8 0 
v 9 0 
e 0 1 0 
e 0 2 1 
e 0 3 0 
e 0 4 0 
e 0 5 0 
e 1 6 0 
e 1 7 0 
e 3 8 0 
e 4 9 0 
e 4 8 0 
t # 183
v 0 0 
v 1 1 
v 2 1 
v 3 1 
v 4 1 
v 5 1 
v 6 1 
v 7 1 
v 8 0 
v 9 0 
v 10 0 
v 11 0 
v 12 0 
v 13 0 
v 14 0 
v 15 0 
e 0 1 0 
e 0 2 0 
e 0 3 0 
e 0 4 0 
e 0 5 0 
e 0 6 0 
e 0 7 0 
e 1 8 0 
e 4 9 0 
e 4 10 0 
e 4 11 1 
e 4 12 0 
e 4 8 1 
e 4 13 0 
e 4 14 0 
e 4 15 0 
e 5 11 0 
t # 184
v 0 0 
v 1 1 
v 2 1 
v 3 1 
v 4 1 
v 5 1 
v 6 1 
v 7 1 
v 8 1 
v 9 0 
v 10 0 
v 11 0 
v 12 0 
v 13 0 
v 14 0 
v 15 0 
v 16 0 
v 17 0 
v 18 0 
v 19 0 
v 20 0 
v 21 0 
e 0 1 0 
e 0 2 0 
e 0 3 0 
e 0 4 0 
e 0 5 1 
e 0 6 0 
e 0 7 0 
e 0 8 0 
e 1 9 0 
e 1 10 0 
e 2 11 1 
e 2 12 0 
e 2 13 0 
e 2 14 0 
e 2 15 0 
e 2 16 0 
e 3 17 0 
e 3 18 0 
e 3 19 0 
e 3 20 0 
e 4 12 1 
e 8 21 0 
t # 185
v 0 0 
v 1 1 
v 2 1 
v 3 1 
v 4 1 
v 5 1 
v 6 1 
v 7 1 
v 8 0 
v 9 0 
v 10 0 
v 11 0 
v 12 0 
v 13 0 
v 14 0 
v 15 0 
e 0 1 0 
e 0 2 0 
e 0 3 0 
e 0 4 0 
e 0 5 0 
e 0 6 0 
e 0 7 0 
e 2 8 0 
e 4 9 1 
e 4 10 0 
e 4 11 0 
e 4 12 0 
e 4 13 0 
e 4 14 0 
e 5 11 0 
e 7 15 0 
t # 186
v 0 0 
v 1 1 
v 2 1 
v 3 1 
v 4 1 
v 5 1 
v 6 1 
v 7 0 
v 8 0 
v 9 0 
v 10 0 
v 11 0 
v 12 0 
e 0 1 0 
e 0 2 0 
e 0 3 0 
e 0 4 0 
e 0 5 0 
e 0 6 0 
e 3 7 1 
e 3 8 0 
e 3 9 0 
e 3 10 0 
e 3 11 0 
e 3 12 0 
t # 187
v 0 0 
v 1 1 
v 2 1 
v 3 1 
v 4 1 
v 5 1 
v 6 1 
v 7 0 
v 8 0 
v 9 0 
v 10 0 
e 0 1 0 
e 0 2 0 
e 0 3 0 
e 0 4 0 
e 0 5 0 
e 0 6 0 
e 1 7 0 
e 1 8 0 
e 1 9 0 
e 1 10 0 
t # 188
v 0 0 
v 1 1 
v 2 1 
v 3 1 
v 4 1 
v 5 1 
v 6 1 
v 7 1 
v 8 1 
v 9 0 
v 10 0 
v 11 0 
v 12 0 
v 13 0 
v 14 0 
v 15 0 
v 16 0 
v 17 0 
e 0 1 1 
e 0 2 0 
e 0 3 0 
e 0 4 0 
e 0 5 0 
e 0 6 0 
e 0 7 0 
e 0 8 0 
e 1 9 0 
e 1 10 0 
e 1 11 0 
e 1 12 0 
e 4 13 1 
e 4 14 0 
e 4 15 0 
e 4 16 0 
e 5 17 0 
e 7 17 0 
e 8 17 1 
t # 189
v 0 0 
v 1 1 
v 2 1 
v 3 1 
v 4 1 
v 5 1 
v 6 1 
v 7 1 
v 8 1 
v 9 0 
v 10 0 
e 0 1 1 
e 0 2 0 
e 0 3 0 
e 0 4 0 
e 0 5 0 
e 0 6 0 
e 0 7 0 
e 0 8 0 
e 3 9 1 
e 5 10 0 
t # 190
v 0 0 
v 1 1 
v 2 1 
v 3 1 
v 4 1 
v 5 1 
v 6 0 
v 7 0 
e 0 1 0 
e 0 2 0 
e 0 3 0 
e 0 4 0 
e 0 5 0 
e 1 6 0 
e 3 7 0 
t # 191
v 0 0 
v 1 1 
v 2 1 
v 3 1 
v 4 1 
v 5 1 
v 6 1 
v 7 1 
v 8 1 
v 9 0 
v 10 0 
v 11 0 
v 12 0 
e 0 1 0 
e 0 2 0 
e 0 3 0 
e 0 4 1 
e 0 5 1 
e 0 6 0 
e 0 7 1 
e 0 8 0 
e 2 9 0 
e 7 10 0 
e 8 11 1 
e 8 12 0 
t # 192
v 0 0 
v 1 1 
v 2 1 
v 3 1 
v 4 1 
v 5 1 
v 6 0 
v 7 0 
v 8 0 
e 0 1 0 
e 0 2 0 
e 0 3 0 
e 0 4 0 
e 0 5 0 
e 3 6 0 
e 5 7 0 
e 5 8 0 
t # 193
v 0 0 
v 1 1 
v 2 1 
v 3 0 
v 4 0 
v 5 0 
e 0 1 0 
e 0 2 0 
e 1 3 1 
e 1 4 1 
e 1 5 0 
e 2 3 2 
e 2 4 0 
t # 194
v 0 0 
v 1 1 
v 2 1 
v 3 1 
v 4 1 
v 5 1 
v 6 1 
v 7 1 
v 8 1 
v 9 0 
v 10 0 
v 11 0 
v 12 0 
v 13 0 
v 14 0 
v 15 0 
v 16 0 
e 0 1 1 
e 0 2 0 
e 0 3 0 
e 0 4 0 
e 0 5 0 
e 0 6 0 
e 0 7 0 
e 0 8 0 
e 5 9 0 
e 5 10 0 
e 6 11 1 
e 6 12 0 
e 6 13 1 
e 6 14 0 
e 6 15 0 
e 8 16 0 
t # 195
v 0 0 
v 1 1 
v 2 1 
v 3 1 
v 4 1 
v 5 1 
v 6 1 
v 7 1 
v 8 1 
v 9 0 
v 10 0 
e 0 1 1 
e 0 2 0 
e 0 3 1 
e 0 4 1 
e 0 5 1 
e 0 6 0 
e 0 7 0 
e 0 8 0 
e 5 9 0 
e 5 10 0 
t # 196
v 0 0 
v 1 1 
v 2 1 
v 3 1 
v 4 1 
v 5 1 
v 6 0 
v 7 0 
v 8 0 
e 0 1 0 
e 0 2 0 
e 0 3 0 
e 0 4 0 
e 0 5 0 
e 2 6 0 
e 4 7 0 
e 5 8 0 
t # 197
v 0 0 
v 1 1 
v 2 0 
v 3 0 
v 4 0 
v 5 0 
e 0 1 0 
e 1 2 0 
e 1 3 1 
e 1 4 0 
e 1 5 0 
t # 198
v 0 0 
v 1 1 
v 2 1 
v 3 0 
v 4 0 
v 5 0 
v 6 0 
v 7 0 
v 8 0 
v 9 0 
v 10 0 
e 0 1 0 
e 0 2 1 
e 1 3 0 
e 1 4 0 
e 1 5 1 
e 1 6 0 
e 1 7 0 
e 1 8 0 
e 1 9 0 
e 2 10 0 
t # 199
v 0 0 
v 1 1 
v 2 1 
v 3 1 
v 4 1 
v 5 0 
v 6 0 
v 7 0 
v 8 0 
v 9 0 
e 0 1 0 
e 0 2 0 
e 0 3 0 
e 0 4 0 
e 1 5 1 
e 3 6 0 
e 3 7 0 
e 4 8 0 
e 4 9 0 
t # 200
v 0 0 
v 1 1 
v 2 1 
v 3 1 
v 4 1 
v 5 1 
v 6 1 
v 7 1 
v 8 1 
v 9 0 
v 10 0 
v 11 0 
v 12 0 
v 13 0 
v 14 0 
v 15 0 
e 0 1 1 
e 0 2 0 
e 0 3 1 
e 0 4 0 
e 0 5 1 
e 0 6 0 
e 0 7 0 
e 0 8 0 
e 1 9 2 
e 1 10 1 
e 1 11 1 
e 1 12 0 
e 2 9 2 
e 2 10 0 
e 2 11 0 
e 5 13 0 
e 5 9 2 
e 6 14 0 
e 7 15 0 
e 7 11 1 
e 8 9 0 
t # 201
v 0 0 
v 1 1 
v 2 1 
v 3 1 
v 4 1 
v 5 1 
v 6 1 
v 7 1 
v 8 1 
v 9 0 
v 10 0 
v 11 0 
e 0 1 0 
e 0 2 0 
e 0 3 0 
e 0 4 0 
e 0 5 0 
e 0 6 0 
e 0 7 0 
e 0 8 0 
e 1 9 0 
e 2 9 1 
e 3 10 0 
e 3 9 0 
e 4 9 0 
e 5 11 0 
t # 202
v 0 0 
v 1 1 
v 2 1 
v 3 1 
v 4 1 
v 5 1 
v 6 1 
v 7 0 
v 8 0 
v 9 0 
v 10 0 
v 11 0 
e 0 1 0 
e 0 2 0 
e 0 3 0 
e 0 4 0 
e 0 5 0 
e 0 6 0 
e 1 7 1 
e 3 8 0 
e 4 7 1 
e 4 9 0 
e 4 10 0 
e 4 11 0 
t # 203
v 0 0 
v 1 1 
v 2 0 
v 3 0 
v 4 0 
v 5 0 
v 6 0 
e 0 1 0 
e 1 2 1 
e 1 3 1 
e 1 4 0 
e 1 5 0 
e 1 6 1 
t # 204
v 0 0 
v 1 1 
v 2 1 
v 3 0 
v 4 0 
v 5 0 
v 6 0 
v 7 0 
e 0 1 1 
e 0 2 0 
e 1 3 0 
e 2 3 1 
e 2 4 1 
e 2 5 0 
e 2 6 0 
e 2 7 1 
t # 205
v 0 0 
v 1 1 
v 2 1 
v 3 1 
v 4 1 
v 5 1 
v 6 1 
v 7 1 
v 8 0 
v 9 0 
v 10 0 
e 0 1 0 
e 0 2 0 
e 0 3 0 
e 0 4 0 
e 0 5 0 
e 0 6 0 
e 0 7 0 
e 5 8 0 
e 5 9 0 
e 6 10 0 
t # 206
v 0 0 
v 1 1 
v 2 1 
v 3 1 
v 4 1 
v 5 1 
v 6 1 
v 7 1 
v 8 1 
v 9 0 
v 10 0 
v 11 0 
v 12 0 
v 13 0 
v 14 0 
v 15 0 
v 16 0 
v 17 0 
v 18 0 
v 19 0 
v 20 0 
v 21 0 
e 0 1 0 
e 0 2 1 
e 0 3 0 
e 0 4 0 
e 0 5 0 
e 0 6 0 
e 0 7 0 
e 0 8 1 
e 1 9 0 
e 1 10 0 
e 1 11 0 
e 1 12 0 
e 2 13 0 
e 4 13 1 
e 4 14 0 
e 4 15 0 
e 4 16 0 
e 4 17 0 
e 4 11 0 
e 4 18 0 
e 7 19 0 
e 7 20 0 
e 7 21 0 
t # 207
v 0 0 
v 1 1 
v 2 1 
v 3 1 
v 4 1 
v 5 1 
v 6 1 
v 7 1 
v 8 1 
v 9 0 
v 10 0 
v 11 0 
v 12 0 
v 13 0 
v 14 0 
e 0 1 0 
e 0 2 0 
e 0 3 0 
e 0 4 0 
e 0 5 0 
e 0 6 0 
e 0 7 0 
e 0 8 0 
e 1 9 0 
e 1 10 1 
e 2 11 0 
e 2 12 1 
e 2 13 1 
e 4 10 0 
e 6 9 0 
e 7 14 0 
t # 208
v 0 0 
v 1 1 
v 2 1 
v 3 1 
v 4 1 
v 5 1 
v 6 1 
v 7 1 
v 8 1 
v 9 0 
e 0 1 0 
e 0 2 0 
e 0 3 1 
e 0 4 0 
e 0 5 1 
e 0 6 1 
e 0 7 0 
e 0 8 1 
e 5 9 0 
t # 209
v 0 0 
v 1 1 
v 2 1 
v 3 1 
v 4 1 
v 5 1 
v 6 1 
v 7 1 
v 8 1 
v 9 0 
v 10 0 
v 11 0 
v 12 0 
e 0 1 0 
e 0 2 0 
e 0 3 0 
e 0 4 1 
e 0 5 0 
e 0 6 0 
e 0 7 0 
e 0 8 0 
e 3 9 1 
e 4 10 0 
e 5 11 1 
e 5 12 0 
t # 210
v 0 0 
v 1 1 
v 2 1 
v 3 1 
v 4 1 
v 5 0 
v 6 0 
v 7 0 
e 0 1 0 
e 0 2 0 
e 0 3 0 
e 0 4 0 
e 1 5 0 
e 2 6 0 
e 2 5 1 
e 4 7 0 
t # 211
v 0 0 
v 1 1 
v 2 1 
v 3 1 
v 4 1 
v 5 1 
v 6 0 
v 7 0 
e 0 1 0 
e 0 2 0 
e 0 3 0 
e 0 4 0 
e 0 5 0 
e 4 6 0 
e 4 7 0 
t # 212
v 0 0 
v 1 1 
v 2 1 
v 3 1 
v 4 1 
v 5 1 
v 6 1 
v 7 1 
v 8 1 
v 9 0 
v 10 0 
v 11 0 
v 12 0 
v 13 0 
e 0 1 1 
e 0 2 0 
e 0 3 0 
e 0 4 0 
e 0 5 0 
e 0 6 0 
e 0 7 0 
e 0 8 0 
e 4 9 1 
e 4 10 0 
e 5 11 0 
e 6 12 0 
e 7 13 0 
e 8 13 0 
t # 213
v 0 0 
v 1 1 
v 2 1 
v 3 1 
v 4 1 
v 5 1 
v 6 1 
v 7 1 
v 8 1 
v 9 0 
v 10 0 
v 11 0 
v 12 0 
v 13 0 
e 0 1 0 
e 0 2 0 
e 0 3 0 
e 0 4 0 
e 0 5 0 
e 0 6 1 
e 0 7 0 
e 0 8 0 
e 3 9 0 
e 3 10 0 
e 3 11 0 
e 5 12 0 
e 5 11 0 
e 8 13 0 
t # 214
v 0 0 
v 1 1 
v 2 1 
v 3 1 
v 4 1 
v 5 1 
v 6 1 
v 7 1 
v 8 1 
v 9 0 
v 10 0 
v 11 0 
v 12 0 
v 13 0 
v 14 0 
v 15 0 
v 16 0 
v 17 0 
v 18 0 
v 19 0 
v 20 0 
v 21 0 
v 22 0 
v 23 0 
v 24 0 
v 25 0 
v 26 0 
e 0 1 0 
e 0 2 0 
e 0 3 0 
e 0 4 0 
e 0 5 1 
e 0 6 0 
e 0 7 1 
e 0 8 0 
e 1 9 2 
e 1 10 1 
e 2 11 0 
e 2 12 0 
e 3 13 0 
e 3 10 1 
e 3 14 0 
e 3 15 0 
e 3 16 0 
e 3 17 0 
e 4 10 0 
e 4 18 0 
e 5 13 0 
e 5 19 0 
e 5 10 1 
e 5 18 1 
e 5 20 1 
e 5 9 1 
e 5 21 0 
e 6 22 0 
e 6 18 0 
e 6 23 0 
e 6 16 0 
e 7 24 0 
e 7 25 1 
e 7 10 0 
e 7 26 0 
e 7 18 0 
e 8 21 0 
t # 215
v 0 0 
v 1 1 
v 2 1 
v 3 1 
v 4 1 
v 5 1 
v 6 1 
v 7 1 
v 8 0 
v 9 0 
v 10 0 
v 11 0 
v 12 0 
v 13 0 
v 14 0 
v 15 0 
e 0 1 0 
e 0 2 1 
e 0 3 0 
e 0 4 0 
e 0 5 0 
e 0 6 0 
e 0 7 0 
e 1 8 0 
e 1 9 1 
e 1 10 0 
e 2 11 0 
e 2 12 0 
e 4 13 0 
e 5 14 0 
e 5 13 1 
e 5 15 1 
t # 216
v 0 0 
v 1 1 
v 2 1 
v 3 1 
v 4 0 
v 5 0 
v 6 0 
v 7 0 
v 8 0 
e 0 1 0 
e 0 2 0 
e 0 3 1 
e 1 4 0 
e 1 5 1 
e 1 6 0 
e 1 7 0 
e 2 8 0 
t # 217
v 0 0 
v 1 1 
v 2 1 
v 3 1 
v 4 1 
v 5 1 
v 6 1 
v 7 1 
v 8 1 
v 9 0 
v 10 0 
v 11 0 
v 12 0 
v 13 0 
v 14 0 
v 15 0 
v 16 0 
v 17 0 
v 18 0 
v 19 0 
v 20 0 
v 21 0 
v 22 0 
v 23 0 
v 24 0 
e 0 1 0 
e 0 2 0 
e 0 3 0 
e 0 4 0 
e 0 5 0 
e 0 6 0 
e 0 7 0 
e 0 8 0 
e 1 9 0 
e 2 10 0 
e 2 11 0 
e 3 12 1 
e 3 13 0 
e 3 14 0 
e 3 15 0 
e 3 16 0 
e 3 17 0 
e 4 18 2 
e 4 19 1 
e 4 20 1 
e 4 9 0 
e 4 21 1 
e 5 18 0 
e 5 21 0 
e 6 22 0 
e 7 23 0 
e 7 9 0 
e 7 12 0 
e 7 18 1 
e 7 24 0 
e 8 12 0 
e 8 18 0 
t # 218
v 0 0 
v 1 1 
v 2 1 
v 3 1 
v 4 1 
v 5 1 
v 6 1 
v 7 1 
v 8 1 
v 9 0 
v 10 0 
v 11 0 
v 12 0 
v 13 0 
v 14 0 
v 15 0 
v 16 0 
v 17 0 
v 18 0 
v 19 0 
v 20 0 
e 0 1 0 
e 0 2 0 
e 0 3 0 
e 0 4 0 
e 0 5 0 
e 0 6 0 
e 0 7 0 
e 0 8 1 
e 1 9 0 
e 1 10 0 
e 2 11 0 
e 2 12 0 
e 3 13 0 
e 4 14 0 
e 6 14 1 
e 6 15 0 
e 7 16 1 
e 7 11 0 
e 7 17 0 
e 7 18 0 
e 7 19 0 
e 7 20 1 
e 7 14 1 
t # 219
v 0 0 
v 1 1 
v 2 0 
v 3 0 
v 4 0 
v 5 0 
v 6 0 
e 0 1 0 
e 1 2 0 
e 1 3 0 
e 1 4 0 
e 1 5 1 
e 1 6 0 
t # 220
v 0 0 
v 1 1 
v 2 1 
v 3 1 
v 4 1 
v 5 0 
e 0 1 0 
e 0 2 0 
e 0 3 0 
e 0 4 0 
e 1 5 1 
t # 221
v 0 0 
v 1 1 
v 2 1 
v 3 1 
v 4 1 
v 5 1 
v 6 0 
v 7 0 
v 8 0 
v 9 0 
e 0 1 0 
e 0 2 0 
e 0 3 0 
e 0 4 0 
e 0 5 0 
e 3 6 1 
e 3 7 0 
e 3 8 0 
e 5 9 0 
t # 222
v 0 0 
v 1 1 
v 2 1 
v 3 1 
v 4 1 
v 5 1 
v 6 0 
v 7 0 
v 8 0 
v 9 0 
v 10 0 
v 11 0 
e 0 1 0 
e 0 2 0 
e 0 3 0 
e 0 4 0 
e 0 5 0 
e 1 6 0 
e 2 7 0 
e 3 8 0 
e 4 9 1 
e 4 10 0 
e 4 11 0 
t # 223
v 0 0 
v 1 1 
v 2 1 
v 3 1 
v 4 0 
v 5 0 
v 6 0 
v 7 0 
e 0 1 0 
e 0 2 0 
e 0 3 0 
e 1 4 1 
e 1 5 0 
e 1 6 0 
e 1 7 0 
t # 224
v 0 0 
v 1 1 
v 2 1 
v 3 1 
v 4 1 
v 5 0 
v 6 0 
v 7 0 
v 8 0 
v 9 0 
v 10 0 
v 11 0 
v 12 0 
v 13 0 
v 14 0 
e 0 1 0 
e 0 2 0 
e 0 3 0 
e 0 4 0 
e 1 5 0 
e 1 6 0 
e 2 6 0 
e 3 7 0 
e 3 8 1 
e 3 9 0 
e 3 10 0 
e 3 11 0 
e 4 12 0 
e 4 13 0 
e 4 14 0 
t # 225
v 0 0 
v 1 1 
v 2 1 
v 3 1 
v 4 1 
v 5 1 
v 6 1 
v 7 1 
v 8 1 
v 9 0 
v 10 0 
v 11 0 
v 12 0 
v 13 0 
v 14 0 
v 15 0 
v 16 0 
e 0 1 0 
e 0 2 0 
e 0 3 0 
e 0 4 0 
e 0 5 0 
e 0 6 1 
e 0 7 1 
e 0 8 0 
e 1 9 0 
e 2 10 0 
e 3 11 0 
e 3 12 1 
e 3 13 0 
e 3 9 0 
e 3 14 0 
e 7 15 1 
e 7 16 0 
t # 226
v 0 0 
v 1 1 
v 2 1 
v 3 1 
v 4 1 
v 5 1 
v 6 1 
v 7 1 
v 8 1 
v 9 0 
v 10 0 
v 11 0 
e 0 1 0 
e 0 2 0 
e 0 3 0 
e 0 4 0 
e 0 5 0 
e 0 6 0 
e 0 7 1 
e 0 8 0 
e 2 9 0 
e 7 10 0 
e 7 11 0 
t # 227
v 0 0 
v 1 1 
v 2 1 
v 3 0 
v 4 0 
v 5 0 
v 6 0 
e 0 1 1 
e 0 2 0 
e 1 3 0 
e 1 4 0 
e 2 5 0 
e 2 6 1 
t # 228
v 0 0 
v 1 1 
v 2 1 
v 3 1 
v 4 1 
v 5 1 
v 6 1 
v 7 1 
v 8 1 
v 9 0 
v 10 0 
v 11 0 
v 12 0 
v 13 0 
v 14 0 
v 15 0 
v 16 0 
e 0 1 0 
e 0 2 1 
e 0 3 0 
e 0 4 0 
e 0 5 0 
e 0 6 0 
e 0 7 0 
e 0 8 0 
e 1 9 0 
e 1 10 1 
e 2 11 0 
e 3 12 1 
e 4 13 1 
e 5 12 0 
e 5 14 0 
e 5 13 0 
e 7 15 0 
e 7 16 0 
t # 229
v 0 0 
v 1 1 
v 2 1 
v 3 1 
v 4 1 
v 5 1 
v 6 1 
v 7 1 
v 8 1 
v 9 0 
v 10 0 
v 11 0 
v 12 0 
v 13 0 
v 14 0 
v 15 0 
v 16 0 
v 17 0 
v 18 0 
v 19 0 
e 0 1 0 
e 0 2 0 
e 0 3 0 
e 0 4 1 
e 0 5 0 
e 0 6 0 
e 0 7 1 
e 0 8 0 
e 1 9 0 
e 3 10 0 
e 4 11 0 
e 4 12 0 
e 4 13 0 
e 4 14 0 
e 4 15 0 
e 6 16 0 
e 6 9 0 
e 7 16 1 
e 7 17 0 
e 7 18 2 
e 7 19 1 
t # 230
v 0 0 
v 1 1 
v 2 1 
v 3 1 
v 4 1 
v 5 1 
v 6 1 
v 7 1 
v 8 1 
v 9 0 
v 10 0 
v 11 0 
e 0 1 0 
e 0 2 0 
e 0 3 0 
e 0 4 0 
e 0 5 0 
e 0 6 0 
e 0 7 0 
e 0 8 0 
e 1 9 1 
e 2 10 0 
e 7 9 1 
e 7 11 0 
t # 231
v 0 0 
v 1 1 
v 2 1 
v 3 1 
v 4 1 
v 5 1 
v 6 1 
v 7 1 
v 8 1 
v 9 0 
v 10 0 
v 11 0 
v 12 0 
v 13 0 
v 14 0 
v 15 0 
v 16 0 
e 0 1 0 
e 0 2 0 
e 0 3 0 
e 0 4 0 
e 0 5 1 
e 0 6 0 
e 0 7 0 
e 0 8 0 
e 1 9 0 
e 5 10 0 
e 5 11 0 
e 5 12 0 
e 6 13 0 
e 7 14 1 
e 7 13 1 
e 7 15 1 
e 7 16 0 
e 8 13 1 
e 8 14 0 
t # 232
v 0 0 
v 1 1 
v 2 1 
v 3 1 
v 4 1 
v 5 1 
v 6 1 
v 7 1 
v 8 1 
v 9 0 
e 0 1 0 
e 0 2 0 
e 0 3 0 
e 0 4 0 
e 0 5 0 
e 0 6 0 
e 0 7 0 
e 0 8 0 
e 7 9 0 
t # 233
v 0 0 
v 1 1 
v 2 1 
v 3 1 
v 4 1 
v 5 1 
v 6 1 
v 7 1 
v 8 1 
v 9 0 
v 10 0 
v 11 0 
v 12 0 
v 13 0 
v 14 0 
v 15 0 
v 16 0 
v 17 0 
v 18 0 
v 19 0 
v 20 0 
v 21 0 
v 22 0 
v 23 0 
e 0 1 0 
e 0 2 1 
e 0 3 0 
e 0 4 0 
e 0 5 0 
e 0 6 0 
e 0 7 0 
e 0 8 0 
e 2 9 0 
e 4 10 0 
e 4 11 0 
e 4 12 0 
e 4 13 1 
e 5 13 0 
e 5 14 0 
e 5 15 0 
e 5 16 0 
e 5 9 0 
e 6 17 0 
e 6 18 0 
e 6 19 0 
e 6 20 1 
e 6 21 1 
e 7 22 1 
e 7 23 0 
e 7 9 0 
t # 234
v 0 0 
v 1 1 
v 2 1 
v 3 1 
v 4 1 
v 5 1 
v 6 1 
v 7 1 
v 8 0 
v 9 0 
v 10 0 
v 11 0 
v 12 0 
v 13 0 
v 14 0 
v 15 0 
v 16 0 
v 17 0 
v 18 0 
v 19 0 
v 20 0 
e 0 1 0 
e 0 2 0 
e 0 3 0 
e 0 4 0 
e 0 5 0 
e 0 6 0 
e 0 7 0 
e 1 8 0 
e 1 9 1 
e 1 10 0 
e 2 11 0 
e 2 12 1 
e 3 13 0 
e 3 14 0 
e 3 15 0 
e 3 16 0 
e 3 17 0 
e 4 18 0 
e 4 12 1 
e 6 9 1 
e 6 19 0 
e 6 20 0 
e 6 14 0 
t # 235
v 0 0 
v 1 1 
v 2 1 
v 3 1 
v 4 0 
v 5 0 
v 6 0 
v 7 0 
v 8 0 
v 9 0 
v 10 0 
e 0 1 0 
e 0 2 0 
e 0 3 0 
e 1 4 0 
e 1 5 0 
e 1 6 0 
e 1 7 0 
e 2 8 0 
e 3 9 0 
e 3 10 0 
t # 236
v 0 0 
v 1 1 
v 2 1 
v 3 1 
v 4 1 
v 5 1 
v 6 1 
v 7 1 
v 8 1 
v 9 0 
v 10 0 
v 11 0 
v 12 0 
v 13 0 
v 14 0 
v 15 0 
v 16 0 
v 17 0 
v 18 0 
e 0 1 0 
e 0 2 0 
e 0 3 0 
e 0 4 0 
e 0 5 0 
e 0 6 0 
e 0 7 0 
e 0 8 0 
e 2 9 0 
e 2 10 0 
e 3 11 0 
e 3 10 0 
e 3 12 0 
e 3 13 0 
e 5 14 1 
e 5 12 0 
e 6 15 0 
e 6 16 0 
e 6 17 0 
e 7 12 0 
e 7 18 1 
t # 237
v 0 0 
v 1 1 
v 2 1 
v 3 1 
v 4 1 
v 5 0 
e 0 1 0 
e 0 2 0 
e 0 3 0 
e 0 4 0 
e 4 5 0 
t # 238
v 0 0 
v 1 1 
v 2 1 
v 3 1 
v 4 1 
v 5 1 
v 6 1 
v 7 0 
v 8 0 
v 9 0 
v 10 0 
v 11 0 
v 12 0 
v 13 0 
v 14 0 
v 15 0 
e 0 1 1 
e 0 2 0 
e 0 3 0 
e 0 4 0 
e 0 5 0 
e 0 6 0 
e 1 7 0 
e 2 8 1 
e 2 9 0 
e 3 10 1 
e 3 11 1 
e 4 12 0 
e 5 13 0 
e 5 14 0 
e 5 15 0 
e 5 9 0 
t # 239
v 0 0 
v 1 1 
v 2 1 
v 3 1 
v 4 1 
v 5 1 
v 6 1 
v 7 1 
v 8 1 
v 9 0 
v 10 0 
v 11 0 
e 0 1 0 
e 0 2 0 
e 0 3 0 
e 0 4 0 
e 0 5 0 
e 0 6 0 
e 0 7 0 
e 0 8 0 
e 3 9 1 
e 3 10 0 
e 5 11 0 
e 6 9 0 
t # 240
v 0 0 
v 1 1 
v 2 1 
v 3 1 
v 4 1 
v 5 1 
v 6 1 
v 7 1 
v 8 1 
v 9 0 
v 10 0 
v 11 0 
v 12 0 
v 13 0 
e 0 1 0 
e 0 2 0 
e 0 3 0 
e 0 4 0 
e 0 5 0 
e 0 6 0 
e 0 7 0 
e 0 8 0 
e 1 9 1 
e 2 9 1 
e 3 9 1 
e 3 10 0 
e 5 9 1 
e 5 11 0 
e 6 9 1 
e 7 12 1 
e 7 9 1 
e 8 13 0 
t # 241
v 0 0 
v 1 1 
v 2 1 
v 3 1 
v 4 1 
v 5 1 
v 6 1 
v 7 1 
v 8 1 
v 9 0 
v 10 0 
v 11 0 
v 12 0 
v 13 0 
v 14 0 
v 15 0 
v 16 0 
e 0 1 0 
e 0 2 0 
e 0 3 0 
e 0 4 0 
e 0 5 0 
e 0 6 0 
e 0 7 0 
e 0 8 0 
e 1 9 1 
e 1 10 1 
e 2 11 0 
e 2 9 0 
e 3 12 0 
e 3 13 0 
e 3 11 0 
e 3 9 0 
e 3 14 1 
e 3 15 0 
e 3 16 1 
e 6 9 0 
e 6 14 0 
e 6 10 0 
t # 242
v 0 0 
v 1 1 
v 2 1 
v 3 1 
v 4 1 
v 5 1 
v 6 1 
v 7 1 
v 8 1 
v 9 0 
e 0 1 0 
e 0 2 0 
e 0 3 0 
e 0 4 0 
e 0 5 0 
e 0 6 0 
e 0 7 0 
e 0 8 0 
e 5 9 0 
e 6 9 0 
e 7 9 0 
t # 243
v 0 0 
v 1 1 
v 2 1 
v 3 1 
v 4 0 
v 5 0 
e 0 1 0 
e 0 2 0 
e 0 3 0 
e 1 4 1 
e 1 5 0 
t # 244
v 0 0 
v 1 1 
v 2 1 
v 3 1 
v 4 1 
v 5 0 
e 0 1 0 
e 0 2 0 
e 0 3 0 
e 0 4 0 
e 1 5 0 
t # 245
v 0 0 
v 1 1 
v 2 1 
v 3 1 
v 4 1 
v 5 1 
v 6 1 
v 7 1 
v 8 1 
v 9 0 
v 10 0 
v 11 0 
v 12 0 
v 13 0 
v 14 0 
e 0 1 0 
e 0 2 0 
e 0 3 0 
e 0 4 0 
e 0 5 0 
e 0 6 0 
e 0 7 0 
e 0 8 0 
e 2 9 1 
e 3 10 0 
e 5 11 0 
e 5 10 0 
e 7 12 0 
e 8 13 1 
e 8 14 0 
e 8 10 1 
e 8 9 0 
t # 246
v 0 0 
v 1 1 
v 2 1 
v 3 1 
v 4 1 
v 5 1 
v 6 1 
v 7 1 
v 8 0 
v 9 0 
v 10 0 
v 11 0 
v 12 0 
v 13 0 
v 14 0 
e 0 1 0 
e 0 2 1 
e 0 3 1 
e 0 4 0 
e 0 5 0 
e 0 6 0 
e 0 7 0 
e 2 8 0 
e 3 9 0 
e 4 10 1 
e 4 8 0 
e 4 11 0 
e 4 12 1 
e 5 9 0 
e 5 10 1 
e 5 12 0 
e 6 13 0 
e 6 12 1 
e 6 10 0 
e 7 14 2 
t # 247
v 0 0 
v 1 1 
v 2 1 
v 3 1 
v 4 1 
v 5 1 
v 6 1 
v 7 1 
v 8 1 
v 9 0 
v 10 0 
v 11 0 
v 12 0 
v 13 0 
v 14 0 
v 15 0 
v 16 0 
v 17 0 
v 18 0 
v 19 0 
v 20 0 
v 21 0 
e 0 1 0 
e 0 2 0 
e 0 3 0 
e 0 4 0 
e 0 5 0 
e 0 6 0 
e 0 7 1 
e 0 8 0 
e 1 9 0 
e 1 10 1 
e 1 11 0 
e 1 12 1 
e 1 13 0 
e 1 14 0 
e 1 15 0 
e 3 10 0 
e 3 16 0 
e 5 17 0 
e 5 18 0 
e 5 19 0 
e 7 20 0 
e 8 12 1 
e 8 21 0 
t # 248
v 0 0 
v 1 1 
v 2 0 
v 3 0 
v 4 0 
v 5 0 
v 6 0 
e 0 1 0 
e 1 2 1 
e 1 3 0 
e 1 4 0 
e 1 5 0 
e 1 6 1 
t # 249
v 0 0 
v 1 1 
v 2 1 
v 3 1 
v 4 0 
v 5 0 
v 6 0 
v 7 0 
v 8 0 
e 0 1 0 
e 0 2 0 
e 0 3 0 
e 1 4 1 
e 1 5 1 
e 2 6 1 
e 2 7 0 
e 2 5 1 
e 3 8 1 
e 3 4 1 
e 3 5 0 
e 3 6 0 
t # 250
v 0 0 
v 1 1 
v 2 1 
v 3 1 
v 4 1 
v 5 1 
v 6 1 
v 7 1 
v 8 1 
v 9 0 
v 10 0 
v 11 0 
v 12 0 
v 13 0 
v 14 0 
v 15 0 
v 16 0 
v 17 0 
v 18 0 
v 19 0 
v 20 0 
v 21 0 
v 22 0 
v 23 0 
e 0 1 0 
e 0 2 0 
e 0 3 0 
e 0 4 0 
e 0 5 0 
e 0 6 0 
e 0 7 0 
e 0 8 0 
e 2 9 0 
e 2 10 0 
e 3 11 0 
e 3 9 0 
e 4 12 0 
e 4 13 1 
e 4 14 0 
e 4 15 0 
e 4 16 0 
e 4 17 0 
e 5 18 0 
e 5 19 0 
e 5 20 0 
e 5 21 0 
e 5 10 0 
e 6 22 0 
e 7 23 1 
e 7 9 0 
t # 251
v 0 0 
v 1 1 
v 2 1 
v 3 1 
v 4 1 
v 5 0 
v 6 0 
v 7 0 
v 8 0 
v 9 0 
v 10 0 
v 11 0 
e 0 1 0 
e 0 2 0 
e 0 3 1 
e 0 4 0 
e 1 5 0 
e 3 6 0 
e 3 7 1 
e 3 8 0 
e 3 5 1 
e 3 9 1 
e 3 10 1 
e 3 11 1 
e 4 10 0 
t # 252
v 0 0 
v 1 1 
v 2 1 
v 3 1 
v 4 1 
v 5 0 
v 6 0 
v 7 0 
v 8 0 
v 9 0 
v 10 0 
v 11 0 
e 0 1 0 
e 0 2 0 
e 0 3 0 
e 0 4 1 
e 1 5 0 
e 2 6 0 
e 2 5 0 
e 2 7 0 
e 3 8 0 
e 3 5 0 
e 4 9 1 
e 4 10 0 
e 4 11 0 
e 4 5 0 
t # 253
v 0 0 
v 1 1 
v 2 1 
v 3 1 
v 4 1 
v 5 1 
v 6 1 
v 7 1 
v 8 1 
v 9 0 
v 10 0 
v 11 0 
v 12 0 
v 13 0 
v 14 0 
v 15 0 
v 16 0 
v 17 0 
v 18 0 
v 19 0 
v 20 0 
e 0 1 0 
e 0 2 0 
e 0 3 0 
e 0 4 0 
e 0 5 0 
e 0 6 0 
e 0 7 0 
e 0 8 0 
e 2 9 0 
e 3 10 0 
e 3 11 1 
e 6 12 1 
e 6 13 0 
e 6 14 0 
e 6 10 0 
e 6 11 2 
e 6 15 0 
e 6 16 1 
e 7 17 0 
e 7 18 0 
e 7 19 0 
e 7 20 0 
e 7 11 2 
t # 254
v 0 0 
v 1 1 
v 2 1 
v 3 1 
v 4 1 
v 5 1 
v 6 1 
v 7 1 
v 8 1 
v 9 0 
v 10 0 
v 11 0 
v 12 0 
v 13 0 
v 14 0 
v 15 0 
v 16 0 
v 17 0 
v 18 0 
v 19 0 
e 0 1 0 
e 0 2 0 
e 0 3 0 
e 0 4 0 
e 0 5 0 
e 0 6 0 
e 0 7 0 
e 0 8 1 
e 3 9 0 
e 3 10 0 
e 3 11 0 
e 3 12 0 
e 4 13 0 
e 4 14 0 
e 4 15 0 
e 4 16 0 
e 6 9 0 
e 6 17 0 
e 6 18 1 
e 7 18 1 
e 7 19 0 
e 8 9 0 
t # 255
v 0 0 
v 1 1 
v 2 1 
v 3 0 
v 4 0 
v 5 0 
v 6 0 
e 0 1 0 
e 0 2 0 
e 1 3 0 
e 1 4 0 
e 1 5 1 
e 1 6 0 
t # 256
v 0 0 
v 1 1 
v 2 1 
v 3 1 
v 4 1 
v 5 1 
v 6 1 
v 7 1 
v 8 1 
v 9 0 
v 10 0 
v 11 0 
v 12 0 
v 13 0 
v 14 0 
v 15 0 
v 16 0 
e 0 1 0 
e 0 2 0 
e 0 3 1 
e 0 4 0 
e 0 5 0 
e 0 6 0 
e 0 7 0 
e 0 8 0 
e 1 9 1 
e 1 10 1 
e 1 11 0 
e 4 12 0 
e 5 13 1 
e 5 14 0 
e 5 15 1 
e 8 14 0 
e 8 16 0 
t # 257
v 0 0 
v 1 1 
v 2 1 
v 3 1 
v 4 1 
v 5 1 
v 6 1 
v 7 1 
v 8 1 
v 9 0 
v 10 0 
v 11 0 
v 12 0 
v 13 0 
v 14 0 
v 15 0 
v 16 0 
e 0 1 0 
e 0 2 1 
e 0 3 0 
e 0 4 0 
e 0 5 0 
e 0 6 0 
e 0 7 0 
e 0 8 0 
e 2 9 0 
e 3 10 0 
e 3 11 1 
e 3 12 1 
e 3 13 0 
e 4 14 1 
e 4 15 0 
e 5 16 0 
t # 258
v 0 0 
v 1 1 
v 2 1 
v 3 1 
v 4 0 
v 5 0 
v 6 0 
v 7 0 
e 0 1 0 
e 0 2 0 
e 0 3 0 
e 2 4 0 
e 2 5 1 
e 3 6 0 
e 3 7 2 
t # 259
v 0 0 
v 1 1 
v 2 0 
v 3 0 
v 4 0 
v 5 0 
e 0 1 0 
e 1 2 0 
e 1 3 0 
e 1 4 0 
e 1 5 0 
t # 260
v 0 0 
v 1 1 
v 2 1 
v 3 1 
v 4 1 
v 5 1 
v 6 1 
v 7 1 
v 8 1 
v 9 0 
v 10 0 
v 11 0 
v 12 0 
v 13 0 
v 14 0 
v 15 0 
v 16 0 
e 0 1 0 
e 0 2 0 
e 0 3 1 
e 0 4 0 
e 0 5 0 
e 0 6 0 
e 0 7 0 
e 0 8 0 
e 1 9 0 
e 4 10 0 
e 6 11 1 
e 7 10 0 
e 7 12 1 
e 7 9 0 
e 7 13 0 
e 7 14 1 
e 7 15 0 
e 7 16 0 
t # 261
v 0 0 
v 1 1 
v 2 1 
v 3 1 
v 4 0 
v 5 0 
v 6 0 
v 7 0 
v 8 0 
v 9 0 
v 10 0 
v 11 0 
e 0 1 0 
e 0 2 0 
e 0 3 0 
e 1 4 0 
e 1 5 0 
e 1 6 0 
e 2 4 1 
e 2 7 0 
e 2 8 0 
e 3 9 0 
e 3 10 0 
e 3 11 0 
t # 262
v 0 0 
v 1 1 
v 2 0 
v 3 0 
v 4 0 
v 5 0 
v 6 0 
e 0 1 0 
e 1 2 0 
e 1 3 0 
e 1 4 0 
e 1 5 0 
e 1 6 0 
t # 263
v 0 0 
v 1 1 
v 2 1 
v 3 0 
v 4 0 
v 5 0 
e 0 1 0 
e 0 2 0 
e 1 3 0 
e 1 4 0 
e 1 5 0 
t # 264
v 0 0 
v 1 1 
v 2 1 
v 3 0 
v 4 0 
v 5 0 
v 6 0 
e 0 1 1 
e 0 2 0 
e 1 3 0 
e 1 4 0 
e 1 5 1 
e 1 6 0 
t # 265
v 0 0 
v 1 1 
v 2 0 
v 3 0 
v 4 0 
v 5 0 
e 0 1 0 
e 1 2 0 
e 1 3 0 
e 1 4 0 
e 1 5 0 
t # 266
v 0 0 
v 1 1 
v 2 0 
v 3 0 
v 4 0 
v 5 0 
v 6 0 
e 0 1 0 
e 1 2 0 
e 1 3 0 
e 1 4 0 
e 1 5 0 
e 1 6 0 
t # 267
v 0 0 
v 1 1 
v 2 0 
v 3 0 
v 4 0 
v 5 0 
e 0 1 0 
e 1 2 0 
e 1 3 0 
e 1 4 0 
e 1 5 0 
t # 268
v 0 0 
v 1 1 
v 2 0 
v 3 0 
v 4 0 
v 5 0 
v 6 0 
v 7 0 
e 0 1 0 
e 1 2 1 
e 1 3 0 
e 1 4 0 
e 1 5 0 
e 1 6 1 
e 1 7 0 
t # 269
v 0 0 
v 1 1 
v 2 1 
v 3 1 
v 4 1 
v 5 1 
v 6 1 
v 7 1 
v 8 1 
v 9 0 
v 10 0 
v 11 0 
v 12 0 
v 13 0 
v 14 0 
e 0 1 1 
e 0 2 0 
e 0 3 0 
e 0 4 0 
e 0 5 0 
e 0 6 0 
e 0 7 1 
e 0 8 0 
e 1 9 0 
e 1 10 0 
e 3 11 0 
e 3 12 0 
e 7 13 0 
e 8 14 0 
t # 270
v 0 0 
v 1 1 
v 2 1 
v 3 1 
v 4 1 
v 5 1 
v 6 1 
v 7 1 
v 8 1 
v 9 0 
e 0 1 0 
e 0 2 0 
e 0 3 0 
e 0 4 1 
e 0 5 0 
e 0 6 0 
e 0 7 0 
e 0 8 0 
e 6 9 0 
t # 271
v 0 0 
v 1 1 
v 2 1 
v 3 1 
v 4 1 
v 5 0 
v 6 0 
v 7 0 
e 0 1 0 
e 0 2 0 
e 0 3 0 
e 0 4 0 
e 2 5 0 
e 2 6 0 
e 4 7 0 
t # 272
v 0 0 
v 1 1 
v 2 1 
v 3 1 
v 4 0 
v 5 0 
v 6 0 
v 7 0 
e 0 1 0 
e 0 2 0 
e 0 3 0 
e 1 4 0 
e 1 5 0 
e 1 6 0 
e 2 5 0 
e 2 7 0 
t # 273
v 0 0 
v 1 1 
v 2 1 
v 3 1 
v 4 0 
v 5 0 
e 0 1 0 
e 0 2 0 
e 0 3 0 
e 1 4 0 
e 2 5 1 
t # 274
v 0 0 
v 1 1 
v 2 1 
v 3 1 
v 4 1 
v 5 1 
v 6 1 
v 7 1 
v 8 1 
v 9 0 
v 10 0 
v 11 0 
v 12 0 
v 13 0 
v 14 0 
v 15 0 
v 16 0 
v 17 0 
v 18 0 
v 19 0 
e 0 1 0 
e 0 2 0 
e 0 3 0 
e 0 4 0 
e 0 5 0 
e 0 6 0 
e 0 7 0 
e 0 8 0 
e 2 9 0 
e 2 10 0 
e 2 11 0 
e 2 12 0 
e 2 13 0 
e 6 14 0 
e 6 15 0 
e 8 16 0 
e 8 17 0 
e 8 18 0 
e 8 19 0 
t # 275
v 0 0 
v 1 1 
v 2 1 
v 3 1 
v 4 1 
v 5 1 
v 6 1 
v 7 1 
v 8 1 
v 9 0 
v 10 0 
v 11 0 
v 12 0 
v 13 0 
v 14 0 
v 15 0 
v 16 0 
v 17 0 
v 18 0 
v 19 0 
e 0 1 0 
e 0 2 0 
e 0 3 0 
e 0 4 0 
e 0 5 0 
e 0 6 0 
e 0 7 0 
e 0 8 0 
e 1 9 0 
e 2 10 0 
e 2 11 1 
e 2 12 0 
e 2 13 0 
e 2 14 0 
e 2 15 0 
e 4 16 0 
e 5 17 0 
e 5 18 0 
e 6 19 0 
t # 276
v 0 0 
v 1 1 
v 2 1 
v 3 1 
v 4 1 
v 5 1 
v 6 1 
v 7 1 
v 8 0 
v 9 0 
v 10 0 
v 11 0 
v 12 0 
v 13 0 
v 14 0 
v 15 0 
e 0 1 0 
e 0 2 0 
e 0 3 0 
e 0 4 0 
e 0 5 0 
e 0 6 0 
e 0 7 0 
e 3 8 0 
e 3 9 0 
e 3 10 0 
e 3 11 0 
e 3 12 0 
e 4 13 0 
e 6 14 1 
e 6 8 0 
e 6 15 0 
t # 277
v 0 0 
v 1 1 
v 2 1 
v 3 1 
v 4 1 
v 5 1 
v 6 0 
v 7 0 
v 8 0 
v 9 0 
v 10 0 
v 11 0 
v 12 0 
e 0 1 0 
e 0 2 0 
e 0 3 1 
e 0 4 0 
e 0 5 0 
e 1 6 0 
e 1 7 0 
e 1 8 0 
e 1 9 0 
e 2 10 0 
e 4 11 0 
e 4 12 0 
t # 278
v 0 0 
v 1 1 
v 2 0 
v 3 0 
v 4 0 
v 5 0 
v 6 0 
v 7 0 
v 8 0 
e 0 1 1 
e 1 2 0 
e 1 3 0 
e 1 4 1 
e 1 5 0 
e 1 6 0 
e 1 7 0 
e 1 8 1 
t # 279
v 0 0 
v 1 1 
v 2 1 
v 3 1 
v 4 1 
v 5 1 
v 6 1 
v 7 1 
v 8 1 
v 9 0 
v 10 0 
v 11 0 
v 12 0 
v 13 0 
v 14 0 
v 15 0 
v 16 0 
v 17 0 
v 18 0 
v 19 0 
v 20 0 
v 21 0 
v 22 0 
v 23 0 
v 24 0 
v 25 0 
e 0 1 0 
e 0 2 0 
e 0 3 1 
e 0 4 1 
e 0 5 0 
e 0 6 0 
e 0 7 0 
e 0 8 0 
e 1 9 0 
e 1 10 0 
e 1 11 1 
e 1 12 0 
e 1 13 0 
e 1 14 1 
e 3 15 0 
e 4 16 0 
e 4 17 0 
e 6 18 0 
e 7 19 1 
e 7 20 1 
e 7 21 1 
e 7 15 0 
e 7 17 0 
e 7 22 0 
e 7 14 0 
e 8 23 0 
e 8 24 0 
e 8 25 0 
t # 280
v 0 0 
v 1 1 
v 2 1 
v 3 1 
v 4 1 
v 5 1 
v 6 1 
v 7 1 
v 8 0 
e 0 1 0 
e 0 2 0 
e 0 3 1 
e 0 4 0 
e 0 5 0 
e 0 6 1 
e 0 7 1 
e 1 8 0 
t # 281
v 0 0 
v 1 1 
v 2 1 
v 3 1 
v 4 1 
v 5 1 
v 6 1 
v 7 1 
v 8 0 
v 9 0 
v 10 0 
v 11 0 
v 12 0 
v 13 0 
e 0 1 0 
e 0 2 0 
e 0 3 0 
e 0 4 0 
e 0 5 0 
e 0 6 0 
e 0 7 0 
e 2 8 0 
e 2 9 0 
e 2 10 0 
e 3 11 0 
e 4 12 0 
e 5 12 0 
e 5 13 0 
e 7 12 0 
t # 282
v 0 0 
v 1 1 
v 2 1 
v 3 1 
v 4 1 
v 5 1 
v 6 1 
v 7 1 
v 8 1 
v 9 0 
v 10 0 
v 11 0 
e 0 1 1 
e 0 2 0 
e 0 3 1 
e 0 4 0 
e 0 5 0 
e 0 6 0 
e 0 7 0 
e 0 8 0 
e 5 9 0 
e 5 10 0 
e 5 11 1 
t # 283
v 0 0 
v 1 1 
v 2 1 
v 3 0 
v 4 0 
v 5 0 
e 0 1 0 
e 0 2 0 
e 1 3 0 
e 1 4 0 
e 2 5 0 
t # 284
v 0 0 
v 1 1 
v 2 1 
v 3 1 
v 4 1 
v 5 0 
v 6 0 
v 7 0 
v 8 0 
v 9 0 
v 10 0 
v 11 0 
v 12 0 
e 0 1 0 
e 0 2 0 
e 0 3 0 
e 0 4 0 
e 1 5 0 
e 1 6 1 
e 1 7 1 
e 1 8 0 
e 1 9 1 
e 2 10 1 
e 2 11 0 
e 2 12 1 
e 2 6 1 
t # 285
v 0 0 
v 1 1 
v 2 1 
v 3 1 
v 4 1 
v 5 1 
v 6 1 
v 7 1 
v 8 1 
v 9 0 
v 10 0 
v 11 0 
v 12 0 
v 13 0 
v 14 0 
v 15 0 
v 16 0 
v 17 0 
v 18 0 
v 19 0 
v 20 0 
v 21 0 
v 22 0 
v 23 0 
e 0 1 1 
e 0 2 0 
e 0 3 0 
e 0 4 0 
e 0 5 0 
e 0 6 0 
e 0 7 0 
e 0 8 0 
e 1 9 2 
e 1 10 0 
e 1 11 0 
e 1 12 0 
e 1 13 0 
e 1 14 0 
e 2 15 0 
e 3 16 0 
e 3 17 0 
e 4 9 0 
e 5 18 0 
e 5 19 0 
e 6 20 1 
e 7 21 0 
e 7 22 0 
e 8 21 0 
e 8 19 1 
e 8 9 0 
e 8 22 0 
e 8 23 0 
t # 286
v 0 0 
v 1 1 
v 2 1 
v 3 1 
v 4 0 
v 5 0 
e 0 1 0 
e 0 2 0 
e 0 3 0 
e 3 4 0 
e 3 5 0 
t # 287
v 0 0 
v 1 1 
v 2 1 
v 3 1 
v 4 1 
v 5 1 
v 6 0 
v 7 0 
v 8 0 
v 9 0 
v 10 0 
v 11 0 
v 12 0 
v 13 0 
v 14 0 
v 15 0 
v 16 0 
e 0 1 0 
e 0 2 0 
e 0 3 0 
e 0 4 0 
e 0 5 0 
e 1 6 1 
e 1 7 1 
e 1 8 1 
e 1 9 0 
e 2 10 1 
e 3 6 0 
e 3 11 0 
e 4 6 0 
e 4 12 1 
e 4 13 0 
e 4 11 0 
e 4 14 0 
e 4 15 0 
e 4 16 0 
t # 288
v 0 0 
v 1 1 
v 2 1 
v 3 1 
v 4 1 
v 5 1 
v 6 1 
v 7 1 
v 8 1 
v 9 0 
v 10 0 
v 11 0 
v 12 0 
v 13 0 
v 14 0 
v 15 0 
v 16 0 
v 17 0 
v 18 0 
v 19 0 
e 0 1 0 
e 0 2 0 
e 0 3 0 
e 0 4 0 
e 0 5 0 
e 0 6 0 
e 0 7 1 
e 0 8 0 
e 2 9 1 
e 2 10 0 
e 3 11 0 
e 3 12 0 
e 5 13 0 
e 5 11 0 
e 5 14 0 
e 7 15 0 
e 8 16 0 
e 8 17 1 
e 8 18 1 
e 8 19 0 
t # 289
v 0 0 
v 1 1 
v 2 1 
v 3 1 
v 4 1 
v 5 1 
v 6 1 
v 7 1 
v 8 1 
v 9 0 
v 10 0 
v 11 0 
v 12 0 
v 13 0 
v 14 0 
e 0 1 0 
e 0 2 0 
e 0 3 0 
e 0 4 0 
e 0 5 0 
e 0 6 0 
e 0 7 0 
e 0 8 0 
e 4 9 0 
e 5 10 1 
e 6 11 0 
e 6 12 0 
e 7 13 0 
e 7 14 1 
t # 290
v 0 0 
v 1 1 
v 2 1 
v 3 0 
v 4 0 
v 5 0 
e 0 1 0 
e 0 2 0 
e 1 3 0 
e 1 4 0 
e 2 5 1 
t # 291
v 0 0 
v 1 1 
v 2 1 
v 3 1 
v 4 0 
v 5 0 
v 6 0 
v 7 0 
v 8 0 
v 9 0 
e 0 1 1 
e 0 2 0 
e 0 3 0 
e 2 4 0 
e 2 5 0 
e 2 6 0 
e 3 7 0 
e 3 8 0 
e 3 9 0 
t # 292
v 0 0 
v 1 1 
v 2 0 
v 3 0 
v 4 0 
v 5 0 
v 6 0 
e 0 1 0 
e 1 2 0 
e 1 3 0 
e 1 4 0 
e 1 5 1 
e 1 6 0 
t # 293
v 0 0 
v 1 1 
v 2 1 
v 3 1 
v 4 0 
v 5 0 
v 6 0 
v 7 0 
v 8 0 
v 9 0 
e 0 1 0 
e 0 2 0 
e 0 3 0 
e 2 4 0 
e 2 5 0 
e 2 6 0 
e 2 7 0 
e 2 8 0 
e 2 9 0 
t # 294
v 0 0 
v 1 1 
v 2 1 
v 3 1 
v 4 1 
v 5 0 
v 6 0 
v 7 0 
v 8 0 
v 9 0 
v 10 0 
v 11 0 
v 12 0 
v 13 0 
v 14 0 
v 15 0 
v 16 0 
v 17 0 
v 18 0 
v 19 0 
v 20 0 
v 21 0 
v 22 0 
v 23 0 
v 24 0 
e 0 1 0 
e 0 2 0 
e 0 3 0 
e 0 4 0 
e 1 5 1 
e 1 6 0 
e 1 7 0 
e 1 8 0 
e 1 9 0 
e 2 10 0 
e 2 11 0 
e 2 12 0 
e 3 13 0 
e 3 14 0 
e 3 15 0 
e 3 16 0 
e 3 17 0 
e 3 18 0 
e 4 19 0 
e 4 20 0 
e 4 21 0 
e 4 22 0 
e 4 23 0 
e 4 24 0 
t # 295
v 0 0 
v 1 1 
v 2 1 
v 3 0 
v 4 0 
v 5 0 
e 0 1 0 
e 0 2 0 
e 1 3 1 
e 1 4 1 
e 1 5 0 
t # 296
v 0 0 
v 1 1 
v 2 0 
v 3 0 
v 4 0 
v 5 0 
e 0 1 0 
e 1 2 0 
e 1 3 1 
e 1 4 0 
e 1 5 1 
t # 297
v 0 0 
v 1 1 
v 2 1 
v 3 1 
v 4 0 
v 5 0 
e 0 1 0 
e 0 2 0 
e 0 3 0 
e 1 4 0 
e 3 5 0 
t # 298
v 0 0 
v 1 1 
v 2 1 
v 3 1 
v 4 1 
v 5 0 
v 6 0 
v 7 0 
v 8 0 
v 9 0 
v 10 0 
v 11 0 
v 12 0 
v 13 0 
e 0 1 0 
e 0 2 0 
e 0 3 0 
e 0 4 1 
e 1 5 0 
e 1 6 0 
e 1 7 0 
e 1 8 0 
e 1 9 0 
e 1 10 0 
e 4 11 1 
e 4 12 0 
e 4 13 1 
t # 299
v 0 0 
v 1 1 
v 2 1 
v 3 1 
v 4 0 
v 5 0 
v 6 0 
v 7 0 
v 8 0 
v 9 0 
v 10 0 
e 0 1 1 
e 0 2 0 
e 0 3 0 
e 1 4 0 
e 1 5 1 
e 1 6 1 
e 2 7 0 
e 2 8 0 
e 2 4 0 
e 2 9 0 
e 2 10 0 
t # 300
v 0 0 
v 1 1 
v 2 1 
v 3 1 
v 4 1 
v 5 0 
e 0 1 0 
e 0 2 0 
e 0 3 0 
e 0 4 0 
e 4 5 0 
t # 301
v 0 0 
v 1 1 
v 2 1 
v 3 1 
v 4 1 
v 5 1 
v 6 1 
v 7 1 
v 8 0 
v 9 0 
v 10 0 
v 11 0 
v 12 0 
v 13 0 
v 14 0 
v 15 0 
v 16 0 
v 17 0 
e 0 1 0 
e 0 2 0 
e 0 3 1 
e 0 4 0 
e 0 5 0 
e 0 6 0 
e 0 7 0 
e 1 8 0 
e 1 9 0 
e 1 10 0 
e 1 11 0 
e 1 12 0 
e 3 13 1 
e 3 14 0 
e 3 15 0 
e 4 13 1 
e 5 13 1 
e 5 16 0 
e 5 17 0 
t # 302
v 0 0 
v 1 1 
v 2 1 
v 3 0 
v 4 0 
v 5 0 
v 6 0 
e 0 1 1 
e 0 2 0 
e 1 3 1 
e 2 4 0 
e 2 5 0 
e 2 6 0 
t # 303
v 0 0 
v 1 1 
v 2 1 
v 3 1 
v 4 1 
v 5 1 
v 6 0 
v 7 0 
v 8 0 
v 9 0 
e 0 1 0 
e 0 2 0 
e 0 3 0 
e 0 4 0 
e 0 5 0 
e 1 6 0 
e 2 7 0 
e 4 6 2 
e 4 8 0 
e 5 9 0 
t # 304
v 0 0 
v 1 1 
v 2 1 
v 3 1 
v 4 1 
v 5 1 
v 6 1 
v 7 1 
v 8 1 
v 9 0 
v 10 0 
e 0 1 1 
e 0 2 1 
e 0 3 1 
e 0 4 1 
e 0 5 1 
e 0 6 0 
e 0 7 0 
e 0 8 1 
e 1 9 1 
e 4 9 1 
e 4 10 1 
e 5 9 0 
e 7 9 0 
e 8 9 1 
t # 305
v 0 0 
v 1 1 
v 2 1 
v 3 1 
v 4 1 
v 5 1 
v 6 1 
v 7 1 
v 8 1 
v 9 0 
v 10 0 
v 11 0 
v 12 0 
e 0 1 1 
e 0 2 1 
e 0 3 2 
e 0 4 0 
e 0 5 0 
e 0 6 1 
e 0 7 0 
e 0 8 0 
e 1 9 0 
e 2 10 0 
e 3 11 1 
e 6 12 0 
t # 306
v 0 0 
v 1 1 
v 2 1 
v 3 1 
v 4 1 
v 5 1 
v 6 1 
v 7 1 
v 8 1 
v 9 0 
v 10 0 
v 11 0 
v 12 0 
v 13 0 
v 14 0 
e 0 1 0 
e 0 2 0 
e 0 3 0 
e 0 4 0 
e 0 5 0 
e 0 6 0 
e 0 7 0 
e 0 8 1 
e 1 9 1 
e 3 10 0 
e 4 9 0 
e 4 10 1 
e 4 11 0 
e 8 10 1 
e 8 12 0 
e 8 13 1 
e 8 14 0 
e 8 9 0 
t # 307
v 0 0 
v 1 1 
v 2 0 
v 3 0 
v 4 0 
v 5 0 
v 6 0 
e 0 1 0 
e 1 2 1 
e 1 3 1 
e 1 4 0 
e 1 5 0 
e 1 6 0 
t # 308
v 0 0 
v 1 1 
v 2 1 
v 3 0 
v 4 0 
v 5 0 
v 6 0 
e 0 1 0 
e 0 2 0 
e 1 3 0 
e 1 4 0 
e 2 5 1 
e 2 6 0 
t # 309
v 0 0 
v 1 1 
v 2 1 
v 3 1 
v 4 1 
v 5 1 
v 6 1 
v 7 1 
v 8 1 
v 9 0 
v 10 0 
e 0 1 0 
e 0 2 0 
e 0 3 0 
e 0 4 0 
e 0 5 0 
e 0 6 0 
e 0 7 0 
e 0 8 0 
e 1 9 0 
e 3 10 1 
t # 310
v 0 0 
v 1 1 
v 2 1 
v 3 1 
v 4 1 
v 5 1 
v 6 1 
v 7 1 
v 8 0 
v 9 0 
v 10 0 
v 11 0 
e 0 1 0 
e 0 2 1 
e 0 3 0 
e 0 4 0 
e 0 5 0 
e 0 6 1 
e 0 7 0 
e 2 8 0 
e 3 9 0 
e 7 10 0 
e 7 11 0 
t # 311
v 0 0 
v 1 1 
v 2 0 
v 3 0 
v 4 0 
v 5 0 
e 0 1 0 
e 1 2 1 
e 1 3 0 
e 1 4 0 
e 1 5 0 
t # 312
v 0 0 
v 1 1 
v 2 1 
v 3 1 
v 4 1 
v 5 1 
v 6 1 
v 7 1 
v 8 1 
v 9 0 
v 10 0 
v 11 0 
v 12 0 
v 13 0 
v 14 0 
e 0 1 1 
e 0 2 0 
e 0 3 1 
e 0 4 0 
e 0 5 1 
e 0 6 0 
e 0 7 0 
e 0 8 1 
e 2 9 0 
e 5 10 0 
e 5 11 0 
e 5 12 0 
e 6 13 0 
e 6 14 0 
t # 313
v 0 0 
v 1 1 
v 2 1 
v 3 1 
v 4 1 
v 5 1 
v 6 1 
v 7 1 
v 8 1 
v 9 0 
v 10 0 
v 11 0 
v 12 0 
v 13 0 
v 14 0 
e 0 1 0 
e 0 2 0 
e 0 3 0 
e 0 4 1 
e 0 5 0 
e 0 6 0 
e 0 7 1 
e 0 8 0 
e 5 9 0 
e 5 10 1 
e 5 11 0 
e 5 12 0 
e 5 13 1 
e 6 14 0 
e 6 13 0 
e 7 14 0 
t # 314
v 0 0 
v 1 1 
v 2 1 
v 3 1 
v 4 1 
v 5 1 
v 6 0 
v 7 0 
v 8 0 
v 9 0 
v 10 0 
v 11 0 
e 0 1 1 
e 0 2 1 
e 0 3 0 
e 0 4 0 
e 0 5 0 
e 1 6 0 
e 1 7 0 
e 1 8 0 
e 2 9 0 
e 3 7 1 
e 3 10 0 
e 4 7 0 
e 5 11 0 
t # 315
v 0 0 
v 1 1 
v 2 1 
v 3 1 
v 4 1 
v 5 1 
v 6 1 
v 7 1 
v 8 1 
v 9 0 
v 10 0 
v 11 0 
v 12 0 
v 13 0 
v 14 0 
e 0 1 0 
e 0 2 0 
e 0 3 0 
e 0 4 0 
e 0 5 0 
e 0 6 0 
e 0 7 0 
e 0 8 0 
e 1 9 1 
e 2 10 0 
e 4 11 0 
e 7 12 1 
e 8 11 1 
e 8 13 0 
e 8 14 0 
t # 316
v 0 0 
v 1 1 
v 2 1 
v 3 0 
v 4 0 
v 5 0 
e 0 1 0 
e 0 2 0 
e 1 3 1 
e 1 4 1 
e 2 5 1 
t # 317
v 0 0 
v 1 1 
v 2 1 
v 3 0 
v 4 0 
v 5 0 
v 6 0 
e 0 1 0 
e 0 2 0 
e 2 3 0 
e 2 4 0 
e 2 5 0 
e 2 6 0 
t # 318
v 0 0 
v 1 1 
v 2 1 
v 3 1 
v 4 1 
v 5 1 
v 6 1 
v 7 1 
v 8 1 
v 9 0 
v 10 0 
v 11 0 
v 12 0 
v 13 0 
v 14 0 
v 15 0 
v 16 0 
v 17 0 
e 0 1 0 
e 0 2 0 
e 0 3 1 
e 0 4 0 
e 0 5 0 
e 0 6 0 
e 0 7 0 
e 0 8 0 
e 2 9 0 
e 2 10 0 
e 6 11 0 
e 6 12 0 
e 6 13 0 
e 7 14 0 
e 7 10 0 
e 8 15 0 
e 8 16 0 
e 8 17 0 
t # 319
v 0 0 
v 1 1 
v 2 1 
v 3 1 
v 4 1 
v 5 1 
v 6 1 
v 7 1 
v 8 1 
v 9 0 
v 10 0 
v 11 0 
v 12 0 
v 13 0 
v 14 0 
v 15 0 
v 16 0 
v 17 0 
v 18 0 
v 19 0 
v 20 0 
v 21 0 
v 22 0 
v 23 0 
v 24 0 
v 25 0 
e 0 1 0 
e 0 2 0 
e 0 3 0 
e 0 4 0 
e 0 5 1 
e 0 6 0 
e 0 7 1 
e 0 8 0 
e 1 9 0 
e 2 10 0 
e 2 11 0 
e 5 12 0 
e 5 13 0 
e 5 14 1 
e 5 11 0 
e 6 15 0 
e 7 16 0 
e 7 17 0 
e 7 18 1 
e 7 19 0 
e 7 20 1 
e 7 21 0 
e 7 22 1 
e 7 15 1 
e 8 23 0 
e 8 24 0 
e 8 25 0 
t # 320
v 0 0 
v 1 1 
v 2 1 
v 3 0 
v 4 0 
v 5 0 
v 6 0 
v 7 0 
v 8 0 
v 9 0 
v 10 0 
v 11 0 
e 0 1 0 
e 0 2 0 
e 1 3 1 
e 1 4 0 
e 1 5 0 
e 1 6 0 
e 1 7 0 
e 1 8 1 
e 1 9 0 
e 2 5 0 
e 2 10 0 
e 2 11 0 
t # 321
v 0 0 
v 1 1 
v 2 0 
v 3 0 
v 4 0 
v 5 0 
v 6 0 
v 7 0 
v 8 0 
e 0 1 0 
e 1 2 0 
e 1 3 0 
e 1 4 0 
e 1 5 0 
e 1 6 0 
e 1 7 0 
e 1 8 0 
t # 322
v 0 0 
v 1 1 
v 2 1 
v 3 0 
v 4 0 
v 5 0 
v 6 0 
v 7 0 
v 8 0 
v 9 0 
e 0 1 0 
e 0 2 1 
e 1 3 0 
e 1 4 0 
e 1 5 0 
e 1 6 0 
e 1 7 0 
e 2 8 0 
e 2 9 0 
t # 323
v 0 0 
v 1 1 
v 2 0 
v 3 0 
v 4 0 
v 5 0 
e 0 1 0 
e 1 2 0 
e 1 3 0 
e 1 4 0 
e 1 5 0 
t # 324
v 0 0 
v 1 1 
v 2 0 
v 3 0 
v 4 0 
v 5 0 
e 0 1 0 
e 1 2 0 
e 1 3 0 
e 1 4 2 
e 1 5 1 
t # 325
v 0 0 
v 1 1 
v 2 1 
v 3 1 
v 4 0 
v 5 0 
v 6 0 
v 7 0 
v 8 0 
v 9 0 
v 10 0 
e 0 1 0 
e 0 2 0 
e 0 3 0 
e 1 4 0 
e 1 5 0 
e 1 6 1 
e 2 7 0 
e 2 8 0 
e 2 9 2 
e 2 10 1 
t # 326
v 0 0 
v 1 1 
v 2 1 
v 3 1 
v 4 1 
v 5 1 
v 6 0 
v 7 0 
v 8 0 
v 9 0 
v 10 0 
v 11 0 
v 12 0 
v 13 0 
v 14 0 
v 15 0 
v 16 0 
v 17 0 
v 18 0 
e 0 1 0 
e 0 2 0 
e 0 3 0 
e 0 4 1 
e 0 5 0 
e 1 6 0 
e 1 7 0 
e 1 8 0 
e 1 9 0 
e 1 10 0 
e 3 11 0 
e 3 12 0 
e 3 13 0 
e 3 14 0 
e 3 15 0 
e 3 16 1 
e 3 17 0 
e 5 18 1 
t # 327
v 0 0 
v 1 1 
v 2 1 
v 3 1 
v 4 1 
v 5 1 
v 6 1 
v 7 0 
v 8 0 
v 9 0 
v 10 0 
v 11 0 
v 12 0 
v 13 0 
v 14 0 
v 15 0 
v 16 0 
v 17 0 
v 18 0 
v 19 0 
v 20 0 
v 21 0 
v 22 0 
v 23 0 
e 0 1 0 
e 0 2 0 
e 0 3 1 
e 0 4 0 
e 0 5 0 
e 0 6 0 
e 2 7 0 
e 2 8 0 
e 2 9 0 
e 2 10 0 
e 2 11 0 
e 3 12 0 
e 3 13 0 
e 3 14 0 
e 3 15 0 
e 3 16 0 
e 3 17 0 
e 3 18 0 
e 3 19 0 
e 4 20 0 
e 4 21 0 
e 5 22 0 
e 5 23 0 
t # 328
v 0 0 
v 1 1 
v 2 0 
v 3 0 
v 4 0 
v 5 0 
v 6 0 
v 7 0 
v 8 0 
e 0 1 0 
e 1 2 0 
e 1 3 0 
e 1 4 0 
e 1 5 0 
e 1 6 0 
e 1 7 0 
e 1 8 0 
t # 329
v 0 0 
v 1 1 
v 2 1 
v 3 0 
v 4 0 
v 5 0 
v 6 0 
v 7 0 
v 8 0 
e 0 1 0 
e 0 2 0 
e 1 3 0 
e 1 4 0 
e 2 5 0 
e 2 6 0 
e 2 7 0 
e 2 8 0 
